#Total number of fault_segments=     1
#Fault_segment =   1 nx(Along-strike)=  24 Dx= 30.00km ny(downdip)=  10 Dy= 20.00km
#Boundary of Fault_segment     1. EQ in cell 10,4. Lon: 142.3693   Lat: 38.3215
#Lon.  Lat.  Depth
      143.94859       40.63210        6.57020
      141.81920       34.39710        6.57020
      139.70250       34.84200       57.75890
      141.83200       41.07700       57.75890
      143.94859       40.63210        6.57020
#Lat. Lon. depth slip rake strike dip t_rup t_rise mo
      40.552200     143.844890       8.295700     114.137600     102.239200     195.000000      15.000000     139.800000      10.400000   2.266668e+26
      40.291500     143.755800       8.295700      36.849950      98.569000     195.000000      15.000000     121.400000      12.000000   7.318054e+25
      40.030700     143.666790       8.295700      17.213950      98.100400     195.000000      15.000000     107.200000      13.600000   3.418528e+25
      39.769900     143.577700       8.295700      64.896030      73.484150     195.000000      15.000000     109.000000      10.800000   1.288775e+26
      39.509100     143.488600       8.295700     273.060700      97.733050     195.000000      15.000000     105.000000      12.200000   5.422735e+26
      39.248300     143.399600       8.295700     568.913020      75.877720     195.000000      15.000000      67.000000      12.400000   1.129809e+27
      38.987600     143.310500       8.295700     827.643920      85.393320     195.000000      15.000000      51.600000      14.400000   1.643623e+27
      38.726800     143.221410       8.295700     901.237180      86.627040     195.000000      15.000000      89.200000      16.400000   1.789774e+27
      38.466000     143.132400       8.295700     952.668210      78.055400     195.000000      15.000000      52.400000      14.200000   1.891909e+27
      38.205200     143.043300       8.295700     662.261410      74.483570     195.000000      15.000000      49.200000      14.800000   1.315191e+27
      37.944400     142.954300       8.295700     675.858220      90.980070     195.000000      15.000000      31.600000      10.400000   1.342191e+27
      37.683700     142.865200       8.295700     601.109680      96.470290     195.000000      15.000000      27.600000      14.600000   1.193749e+27
      37.422900     142.776090       8.295700     780.698430      70.525570     195.000000      15.000000      45.400000      14.200000   1.550394e+27
      37.162100     142.687100       8.295700     972.633480      70.109410     195.000000      15.000000     107.400000      14.000000   1.931562e+27
      36.901300     142.598010       8.295700     912.815430      82.663800     195.000000      15.000000      67.000000      14.800000   1.812767e+27
      36.640500     142.508900       8.295700     478.761200      79.880430     195.000000      15.000000      69.800000      13.200000   9.507757e+26
      36.379800     142.419910       8.295700      90.467000      69.343870     195.000000      15.000000      78.000000      10.600000   1.796590e+26
      36.119000     142.330800       8.295700      68.487950      78.853470     195.000000      15.000000      98.000000      17.600000   1.360107e+26
      35.858200     142.241700       8.295700     195.688800      88.554610     195.000000      15.000000     123.600000       5.200000   3.886196e+26
      35.597400     142.152690       8.295700     154.222000     104.395000     195.000000      15.000000     144.000000       8.400001   3.062707e+26
      35.336600     142.063600       8.295700      54.677940      89.400410     195.000000      15.000000     157.400000       8.200000   1.085854e+26
      35.075900     141.974500       8.295700      14.459660     115.574100     195.000000      15.000000     142.600000      16.200000   2.871556e+25
      34.815100     141.885500       8.295700      78.511070      93.200780     195.000000      15.000000     134.600000      14.000000   1.559158e+26
      34.554300     141.796400       8.295700     294.126100      63.731480     195.000000      15.000000     135.600000      10.600000   5.841071e+26
      40.597200     143.630910      13.472100       2.251400     119.218400     195.000000      15.000000     136.600000      15.600000   5.362964e+24
      40.336400     143.541790      13.472100      32.979270      58.558090     195.000000      15.000000     124.400000       8.200000   7.855863e+25
      40.075700     143.452700      13.472100     103.960600      74.608680     195.000000      15.000000     121.800000      14.600000   2.476406e+26
      39.814900     143.363690      13.472100     359.624600      81.030720     195.000000      15.000000     109.400000       9.600000   8.566477e+26
      39.554100     143.274600      13.472100     508.111910      75.069620     195.000000      15.000000     102.400000      13.200000   1.210352e+27
      39.293300     143.185500      13.472100    1042.095950      69.111390     195.000000      15.000000      66.000000      11.200000   2.482338e+27
      39.032600     143.096500      13.472100    1425.618040      80.207400     195.000000      15.000000      49.800000      14.000000   3.395912e+27
      38.771800     143.007400      13.472100    1636.619020      84.698450     195.000000      15.000000      37.400000      13.400000   3.898524e+27
      38.511000     142.918300      13.472100    1491.803960      85.816410     195.000000      15.000000      48.200000       9.400001   3.553568e+27
      38.250200     142.829300      13.472100    1308.988040      72.444610     195.000000      15.000000      50.800000      12.600000   3.118092e+27
      37.989400     142.740200      13.472100    1083.232060      88.046280     195.000000      15.000000      38.600000      11.200000   2.580326e+27
      37.728700     142.651090      13.472100    1063.292970      85.319810     195.000000      15.000000      44.200000      13.400000   2.532827e+27
      37.467900     142.562100      13.472100    1380.823000      73.285710     195.000000      15.000000      51.200000      18.600000   3.289206e+27
      37.207100     142.473010      13.472100    1574.612060      77.575640     195.000000      15.000000      51.600000      11.800000   3.750820e+27
      36.946300     142.383900      13.472100    1502.615970      74.774480     195.000000      15.000000      57.800000      13.200000   3.579325e+27
      36.685500     142.294910      13.472100     941.615720      76.631450     195.000000      15.000000      52.000000      10.000000   2.242984e+27
      36.424800     142.205800      13.472100     375.977290      57.528510     195.000000      15.000000      84.200000      10.800000   8.956011e+26
      36.164000     142.116700      13.472100     166.226900      98.092910     195.000000      15.000000     107.400000      16.600000   3.959629e+26
      35.903200     142.027690      13.472100      11.839570     123.901700     195.000000      15.000000     135.800000      11.200000   2.820260e+25
      35.642400     141.938600      13.472100      86.065310      71.592940     195.000000      15.000000     165.600000      16.000000   2.050129e+26
      35.381600     141.849500      13.472100      24.273330     109.035000     195.000000      15.000000     179.000000      11.400000   5.782053e+25
      35.120900     141.760500      13.472100     172.794800      64.344090     195.000000      15.000000     170.200000      10.800000   4.116076e+26
      34.860100     141.671400      13.472100     479.862790      50.024910     195.000000      15.000000     162.400000      14.800000   1.143063e+27
      34.599300     141.582400      13.472100     484.165590      53.231250     195.000000      15.000000     169.800000      11.800000   1.153311e+27
      40.642200     143.416790      18.648500       3.616880      98.918550     195.000000      15.000000     128.200000      15.400000   1.037082e+25
      40.381400     143.327700      18.648500      24.017440      54.261730     195.000000      15.000000     115.400000      13.400000   6.886618e+25
      40.120700     143.238690      18.648500       4.045670      58.862030     195.000000      15.000000     122.600000      16.400000   1.160033e+25
      39.859900     143.149600      18.648500     191.419800      60.153290     195.000000      15.000000     121.200000       8.200000   5.488659e+26
      39.599100     143.060500      18.648500     416.024810      66.017700     195.000000      15.000000      99.600000      10.600000   1.192884e+27
      39.338300     142.971500      18.648500     898.000980      75.646970     195.000000      15.000000      58.600000      16.600000   2.574874e+27
      39.077500     142.882400      18.648500    1476.358030      87.429610     195.000000      15.000000      54.000000      14.000000   4.233222e+27
      38.816800     142.793400      18.648500    1792.697020      95.252980     195.000000      15.000000      57.400000      16.800000   5.140274e+27
      38.556000     142.704300      18.648500    1717.536990      93.716150     195.000000      15.000000      42.600000      13.600000   4.924758e+27
      38.295200     142.615200      18.648500    1641.630980      74.990800     195.000000      15.000000      17.200000      13.000000   4.707113e+27
      38.034400     142.526200      18.648500    1435.599000      72.184040     195.000000      15.000000       8.000000      14.400000   4.116351e+27
      37.773700     142.437100      18.648500    1497.040040      83.826560     195.000000      15.000000      42.000000      10.800000   4.292521e+27
      37.512900     142.348010      18.648500    1387.478030      78.219510     195.000000      15.000000      88.000000      15.000000   3.978375e+27
      37.252100     142.259000      18.648500    1564.478030      74.530060     195.000000      15.000000      89.000000      13.000000   4.485891e+27
      36.991300     142.169910      18.648500    1170.678960      67.202390     195.000000      15.000000      58.200000      11.000000   3.356734e+27
      36.730500     142.080800      18.648500     547.279300      61.655290     195.000000      15.000000      67.400000      13.800000   1.569237e+27
      36.469800     141.991810      18.648500     318.621400      70.546260     195.000000      15.000000      94.400000      12.800000   9.135955e+26
      36.209000     141.902690      18.648500     158.890790      84.690530     195.000000      15.000000     108.800000      11.800000   4.555943e+26
      35.948200     141.813600      18.648500     166.951290     103.188300     195.000000      15.000000     140.000000      13.400000   4.787060e+26
      35.687400     141.724590      18.648500     172.861890      65.614540     195.000000      15.000000     180.400000       9.600000   4.956537e+26
      35.426600     141.635500      18.648500     201.674610      85.389920     195.000000      15.000000     180.400000       9.600000   5.782691e+26
      35.165900     141.546400      18.648500     252.662510      86.117510     195.000000      15.000000     182.600000      13.400000   7.244702e+26
      34.905100     141.457400      18.648500     551.950070      51.253320     195.000000      15.000000     173.200000      13.000000   1.582629e+27
      34.644300     141.368300      18.648500     556.308110      54.695480     195.000000      15.000000     173.200000      13.000000   1.595126e+27
      40.687200     143.202800      23.824800     133.716200      66.826610     195.000000      15.000000     144.600000      16.200000   4.750224e+26
      40.426400     143.113690      23.824800      13.888110      80.212840     195.000000      15.000000     126.800000      13.200000   4.933704e+25
      40.165700     143.024600      23.824800       4.589070      61.632730     195.000000      15.000000     119.400000      11.200000   1.630253e+25
      39.904900     142.935590      23.824800      11.640100     107.731200     195.000000      15.000000     105.000000      11.800000   4.135112e+25
      39.644100     142.846500      23.824800     304.722110      76.759290     195.000000      15.000000      78.600000       8.800000   1.082516e+27
      39.383300     142.757400      23.824800     841.659000      91.689750     195.000000      15.000000      48.200000      12.000000   2.989970e+27
      39.122500     142.668400      23.824800    1352.920040      92.846500     195.000000      15.000000      44.400000      10.800000   4.806204e+27
      38.861800     142.579300      23.824800    1577.453000      93.993710     195.000000      15.000000      45.000000      15.600000   5.603858e+27
      38.601000     142.490200      23.824800    1655.948000      94.323730     195.000000      15.000000       9.000000      15.200000   5.882701e+27
      38.340200     142.401200      23.824800    1602.849000      80.735210     195.000000      15.000000       0.000000      12.600000   5.694074e+27
      38.079400     142.312100      23.824800    1519.438960      73.113530     195.000000      15.000000      36.200000      10.000000   5.397765e+27
      37.818600     142.223010      23.824800    1646.942990      79.184720     195.000000      15.000000      43.800000      13.600000   5.850716e+27
      37.557900     142.134000      23.824800    1490.849000      75.182140     195.000000      15.000000      39.200000      15.800000   5.296201e+27
      37.297100     142.044910      23.824800    1199.034060      74.612520     195.000000      15.000000      58.200000       8.600000   4.259530e+27
      37.036300     141.955800      23.824800     661.025570      68.381450     195.000000      15.000000      60.800000      11.800000   2.348273e+27
      36.775500     141.866810      23.824800     206.352100      95.326080     195.000000      15.000000      67.800000       8.800000   7.330587e+26
      36.514800     141.777690      23.824800      98.920470      93.703480     195.000000      15.000000     105.600000      11.200000   3.514118e+26
      36.254000     141.688600      23.824800      68.827200      63.463770     195.000000      15.000000     117.800000      16.400000   2.445064e+26
      35.993200     141.599590      23.824800      19.130230     115.255700     195.000000      15.000000     144.800000      13.400000   6.795960e+25
      35.732400     141.510500      23.824800     165.436710      57.412520     195.000000      15.000000     171.000000      13.400000   5.877092e+26
      35.471600     141.421490      23.824800      79.685390     108.344700     195.000000      15.000000     171.000000      13.400000   2.830797e+26
      35.210900     141.332400      23.824800      57.376960      75.948590     195.000000      15.000000     188.400000      11.400000   2.038301e+26
      34.950100     141.243300      23.824800     242.000700      66.299810     195.000000      15.000000     184.600000       7.000000   8.596997e+26
      34.689300     141.154300      23.824800     262.609100      55.637590     195.000000      15.000000     184.600000       7.000000   9.329106e+26
      40.732200     142.988690      29.001200     127.020400     113.291100     195.000000      15.000000     177.600000      14.200000   5.146926e+26
      40.471400     142.899600      29.001200      53.373310      58.655900     195.000000      15.000000     139.000000      13.400000   2.162710e+26
      40.210700     142.810590      29.001200      49.664450     116.624300     195.000000      15.000000     113.000000      11.400000   2.012427e+26
      39.949900     142.721500      29.001200      18.767930      90.666770     195.000000      15.000000      88.200000      11.800000   7.604846e+25
      39.689100     142.632400      29.001200     249.870190     129.873600     195.000000      15.000000      60.000000      10.400000   1.012485e+27
      39.428300     142.543400      29.001200     714.470580     105.296100     195.000000      15.000000      47.600000      16.200000   2.895069e+27
      39.167500     142.454300      29.001200    1113.047000      93.713340     195.000000      15.000000      34.000000      18.200000   4.510117e+27
      38.906800     142.365200      29.001200    1265.781010      90.341480     195.000000      15.000000      57.200000      12.600000   5.129004e+27
      38.646000     142.276200      29.001200    1488.474000      83.846000     195.000000      15.000000      54.600000      12.200000   6.031356e+27
      38.385200     142.187100      29.001200    1193.819950      76.174720     195.000000      15.000000       8.600000      13.000000   4.837415e+27
      38.124400     142.098100      29.001200    1203.944950      78.342770     195.000000      15.000000      50.800000      11.800000   4.878442e+27
      37.863600     142.009000      29.001200    1429.484990      91.950440     195.000000      15.000000      62.600000      15.000000   5.792332e+27
      37.602900     141.919910      29.001200    1271.245970      87.821770     195.000000      15.000000      47.000000      13.000000   5.151141e+27
      37.342100     141.830900      29.001200     908.865110     101.664200     195.000000      15.000000      64.800000      12.400000   3.682762e+27
      37.081300     141.741810      29.001200     494.158690     125.550900     195.000000      15.000000      92.400000      16.600000   2.002354e+27
      36.820500     141.652690      29.001200     241.779010     125.249700     195.000000      15.000000      92.400000       9.800000   9.797000e+26
      36.559700     141.563710      29.001200     153.692090      52.209860     195.000000      15.000000     107.400000       7.400000   6.227674e+26
      36.299000     141.474590      29.001200      79.161430      72.212980     195.000000      15.000000     105.800000      10.400000   3.207654e+26
      36.038200     141.385500      29.001200      15.770390      91.919310     195.000000      15.000000     127.800000       9.600000   6.390236e+25
      35.777400     141.296490      29.001200      64.091150      55.776450     195.000000      15.000000     174.400000      10.400000   2.597003e+26
      35.516600     141.207400      29.001200     137.685100     123.932300     195.000000      15.000000     174.400000      10.400000   5.579063e+26
      35.255900     141.118300      29.001200      27.785220      67.618010     195.000000      15.000000     174.400000      10.400000   1.125870e+26
      34.995100     141.029300      29.001200     247.609500     127.824400     195.000000      15.000000     174.400000      10.400000   1.003324e+27
      34.734300     140.940200      29.001200      95.704540     105.150200     195.000000      15.000000     174.400000      10.400000   3.877993e+26
      40.777200     142.774700      34.177600     346.473690     118.998400     195.000000      15.000000     195.200000       7.600000   1.403926e+27
      40.516400     142.685590      34.177600      31.002270      89.195860     195.000000      15.000000     138.400000      15.600000   1.256225e+26
      40.255700     142.596500      34.177600      60.229520     117.926400     195.000000      15.000000     107.400000      12.400000   2.440528e+26
      39.994900     142.507510      34.177600      34.534960     103.493000     195.000000      15.000000      79.600000      10.000000   1.399372e+26
      39.734100     142.418400      34.177600     146.884900     129.028110     195.000000      15.000000      58.400000      10.200000   5.951846e+26
      39.473300     142.329300      34.177600     533.213010      87.295560     195.000000      15.000000      57.000000      14.800000   2.160605e+27
      39.212500     142.240300      34.177600     922.656980      88.300610     195.000000      15.000000      31.400000       8.000000   3.738652e+27
      38.951800     142.151200      34.177600     890.450380      79.453060     195.000000      15.000000      41.000000      11.000000   3.608147e+27
      38.691000     142.062100      34.177600    1450.328000      72.693970     195.000000      15.000000      17.600000      12.600000   5.876800e+27
      38.430200     141.973100      34.177600    1188.060060      85.299970     195.000000      15.000000      21.200000      13.400000   4.814074e+27
      38.169400     141.884000      34.177600    1055.036990     100.245900     195.000000      15.000000      26.800000      15.000000   4.275055e+27
      37.908600     141.795000      34.177600     940.383180      89.990000     195.000000      15.000000      56.800000      12.000000   3.810472e+27
      37.647900     141.705900      34.177600     783.517700      77.352390     195.000000      15.000000      60.400000      12.000000   3.174848e+27
      37.387100     141.616810      34.177600     431.300510      82.098400     195.000000      15.000000      71.400000      10.800000   1.747648e+27
      37.126300     141.527800      34.177600     420.326810     105.966300     195.000000      15.000000     124.000000       7.600000   1.703183e+27
      36.865500     141.438710      34.177600     247.164510     119.011700     195.000000      15.000000     103.200000      11.200000   1.001522e+27
      36.604700     141.349590      34.177600     104.607500      65.488930     195.000000      15.000000      98.800000      15.000000   4.238740e+26
      36.344000     141.260600      34.177600      51.227200      84.096600     195.000000      15.000000      96.400000      15.600000   2.075752e+26
      36.083200     141.171490      34.177600      18.069340     105.699700     195.000000      15.000000     110.800000      10.400000   7.321772e+25
      35.822400     141.082400      34.177600      87.603920      69.365550     195.000000      15.000000     171.400000      17.000000   3.549749e+26
      35.561600     140.993390      34.177600     277.702390      64.158230     195.000000      15.000000     196.200000       6.800000   1.125264e+27
      35.300800     140.904300      34.177600     175.521300     102.558200     195.000000      15.000000     196.200000       6.800000   7.112197e+26
      35.040100     140.815200      34.177600     416.616790     116.279200     195.000000      15.000000     196.200000       6.800000   1.688148e+27
      34.779300     140.726200      34.177600     148.383610     115.449400     195.000000      15.000000     196.200000       6.800000   6.012574e+26
      40.822200     142.560590      39.354000     232.146190     129.236600     195.000000      15.000000     180.000000      14.000000   9.406675e+26
      40.561400     142.471600      39.354000      44.348920      63.365540     195.000000      15.000000     129.200000      10.400000   1.797039e+26
      40.300600     142.382510      39.354000      61.899060     125.297900     195.000000      15.000000     100.400000      12.000000   2.508179e+26
      40.039900     142.293400      39.354000      18.014030     110.495200     195.000000      15.000000      86.200000      10.800000   7.299368e+25
      39.779100     142.204410      39.354000     267.680390      59.428330     195.000000      15.000000      74.200000      10.000000   1.084652e+27
      39.518300     142.115300      39.354000     571.979190      74.905650     195.000000      15.000000      65.800000      14.800000   2.317683e+27
      39.257500     142.026200      39.354000     903.479920      76.389190     195.000000      15.000000      33.400000       9.600000   3.660946e+27
      38.996800     141.937190      39.354000     874.469970      68.453600     195.000000      15.000000      42.200000      16.200000   3.543394e+27
      38.736000     141.848100      39.354000    1089.868040      72.345480     195.000000      15.000000      23.800000      15.000000   4.416193e+27
      38.475200     141.759000      39.354000    1126.958980      81.227340     195.000000      15.000000      20.600000      12.000000   4.566487e+27
      38.214400     141.670000      39.354000     956.176570      93.094890     195.000000      15.000000      21.600000      13.600000   3.874469e+27
      37.953600     141.580900      39.354000     762.023990      90.177600     195.000000      15.000000      41.800000      17.200000   3.087751e+27
      37.692900     141.491810      39.354000     369.988010      70.636450     195.000000      15.000000      42.400000      13.800000   1.499208e+27
      37.432100     141.402800      39.354000      69.794950      85.381030     195.000000      15.000000      66.400000      12.200000   2.828120e+26
      37.171300     141.313710      39.354000     228.976810      96.693150     195.000000      15.000000     105.000000      10.000000   9.278251e+26
      36.910500     141.224590      39.354000     143.959000      89.509450     195.000000      15.000000     104.200000      14.600000   5.833290e+26
      36.649700     141.135600      39.354000     230.486500      70.866390     195.000000      15.000000      83.000000       4.400000   9.339415e+26
      36.389000     141.046490      39.354000     244.564000      50.751380     195.000000      15.000000      91.400000      10.600000   9.909847e+26
      36.128200     140.957400      39.354000      84.453550      90.271390     195.000000      15.000000     115.600000      10.600000   3.422097e+26
      35.867400     140.868390      39.354000       5.186420      58.756160     195.000000      15.000000     163.600000      18.200000   2.101557e+25
      35.606600     140.779300      39.354000      65.787570      52.571240     195.000000      15.000000     200.800000       3.200000   2.665743e+26
      35.345800     140.690200      39.354000     242.818100     117.156500     195.000000      15.000000     200.800000       3.200000   9.839102e+26
      35.085100     140.601200      39.354000     278.184390     107.616100     195.000000      15.000000     200.800000       3.200000   1.127217e+27
      34.824300     140.512100      39.354000     242.457900      85.053400     195.000000      15.000000     200.800000       3.200000   9.824513e+26
      40.867200     142.346600      44.530400     319.675690      56.241960     195.000000      15.000000     154.200000      10.000000   1.295341e+27
      40.606400     142.257510      44.530400     326.200810      56.690540     195.000000      15.000000     112.400000      15.000000   1.321779e+27
      40.345600     142.168400      44.530400     321.237920     125.530300     195.000000      15.000000      85.200000       9.200000   1.301670e+27
      40.084900     142.079410      44.530400     192.387500      76.409730     195.000000      15.000000     105.200000      15.000000   7.795632e+26
      39.824100     141.990300      44.530400     430.283390      50.323570     195.000000      15.000000     112.800000      16.400000   1.743526e+27
      39.563300     141.901200      44.530400     793.043820      72.649350     195.000000      15.000000      72.600000      12.200000   3.213452e+27
      39.302500     141.812190      44.530400     889.258120      72.994990     195.000000      15.000000      56.200000      16.200000   3.603313e+27
      39.041800     141.723100      44.530400     956.533870      76.263680     195.000000      15.000000      72.600000      10.400000   3.875919e+27
      38.781000     141.634000      44.530400     861.185490      69.436410     195.000000      15.000000      36.600000      10.000000   3.489563e+27
      38.520200     141.545000      44.530400     843.732600      60.602590     195.000000      15.000000      58.400000      15.400000   3.418842e+27
      38.259400     141.455900      44.530400     722.460880      82.369900     195.000000      15.000000      44.000000      12.000000   2.927447e+27
      37.998600     141.366900      44.530400     955.465090      94.794650     195.000000      15.000000      69.400000       9.200000   3.871591e+27
      37.737900     141.277800      44.530400     458.131290      95.597430     195.000000      15.000000      67.400000      11.400000   1.856370e+27
      37.477100     141.188710      44.530400     164.817700      68.032460     195.000000      15.000000      71.800000      14.200000   6.678487e+26
      37.216300     141.099700      44.530400     399.381010      86.880170     195.000000      15.000000     102.400000       9.000000   1.618309e+27
      36.955500     141.010600      44.530400     230.883610      56.486580     195.000000      15.000000     110.400000      16.000000   9.355503e+26
      36.694700     140.921490      44.530400     229.560300      57.971090     195.000000      15.000000      92.000000       8.000000   9.301880e+26
      36.434000     140.832500      44.530400     218.866700     110.472500     195.000000      15.000000     107.400000      12.200000   8.868573e+26
      36.173200     140.743390      44.530400     269.464900     127.200100     195.000000      15.000000     137.800000       9.000000   1.091883e+27
      35.912400     140.654300      44.530400     130.253100      94.592380     195.000000      15.000000     174.200000      13.200000   5.277909e+26
      35.651600     140.565310      44.530400      71.967290      98.044330     195.000000      15.000000     174.200000      13.200000   2.916151e+26
      35.390800     140.476200      44.530400     144.672200     109.977000     195.000000      15.000000     174.200000      13.200000   5.862179e+26
      35.130100     140.387100      44.530400     158.748200     125.064400     195.000000      15.000000     174.200000      13.200000   6.432546e+26
      34.869300     140.298100      44.530400      16.421260      85.519280     195.000000      15.000000     174.200000      13.200000   6.653962e+25
      40.912200     142.132510      49.706700     418.702610      57.808500     195.000000      15.000000     133.400000      12.600000   1.696602e+27
      40.651400     142.043500      49.706700     537.531190      78.818660     195.000000      15.000000     121.600000      11.400000   2.178101e+27
      40.390600     141.954410      49.706700     368.636200      64.476180     195.000000      15.000000     117.200000      17.000000   1.493731e+27
      40.129900     141.865300      49.706700     312.420680      53.716270     195.000000      15.000000     112.400000       9.600000   1.265942e+27
      39.869100     141.776310      49.706700     342.749390      66.919340     195.000000      15.000000     127.200000       9.600000   1.388835e+27
      39.608300     141.687190      49.706700     436.349000      79.137250     195.000000      15.000000     102.000000      13.200000   1.768104e+27
      39.347500     141.598100      49.706700     665.990480      80.171620     195.000000      15.000000      73.000000      13.000000   2.698626e+27
      39.086700     141.509090      49.706700     726.625980      79.687880     195.000000      15.000000      67.800000      12.400000   2.944319e+27
      38.826000     141.420000      49.706700     582.115300      52.082120     195.000000      15.000000      61.800000      11.600000   2.358756e+27
      38.565200     141.330900      49.706700     480.489110      68.543320     195.000000      15.000000      66.400000      10.800000   1.946964e+27
      38.304400     141.241900      49.706700     260.289610      63.359250     195.000000      15.000000      64.400000      11.600000   1.054705e+27
      38.043600     141.152800      49.706700     491.146910      99.647900     195.000000      15.000000      78.600000      12.800000   1.990150e+27
      37.782900     141.063800      49.706700     484.257200     120.283500     195.000000      15.000000      64.600000       9.800000   1.962231e+27
      37.522100     140.974700      49.706700     263.538700     104.401800     195.000000      15.000000      72.200000      10.000000   1.067870e+27
      37.261300     140.885600      49.706700     524.164920      98.802770     195.000000      15.000000      72.600000      10.000000   2.123938e+27
      37.000500     140.796600      49.706700     361.716490     104.396000     195.000000      15.000000      77.200000      10.200000   1.465692e+27
      36.739700     140.707500      49.706700     277.030090     111.893800     195.000000      15.000000      86.600000      10.400000   1.122539e+27
      36.479000     140.618390      49.706700     322.484100      92.838260     195.000000      15.000000     115.400000      10.400000   1.306720e+27
      36.218200     140.529400      49.706700      35.808570      66.704310     195.000000      15.000000     155.000000      15.800000   1.450979e+26
      35.957400     140.440310      49.706700      16.183840      55.696310     195.000000      15.000000     183.400000      15.200000   6.557769e+25
      35.696600     140.351200      49.706700     161.450810     123.817700     195.000000      15.000000     183.400000      15.200000   6.542063e+26
      35.435800     140.262210      49.706700     361.666690     127.461100     195.000000      15.000000     183.400000      15.200000   1.465490e+27
      35.175100     140.173100      49.706700     413.468410     125.686000     195.000000      15.000000     183.400000      15.200000   1.675392e+27
      34.914300     140.084000      49.706700     180.683400     120.327600     195.000000      15.000000     183.400000      15.200000   7.321378e+26
      40.957200     141.918500      54.883100     274.293490      50.032670     195.000000      15.000000     121.200000      17.000000   1.111449e+27
      40.696400     141.829410      54.883100     356.289090      68.240010     195.000000      15.000000     127.200000      13.600000   1.443698e+27
      40.435600     141.740400      54.883100     548.314270      50.760890     195.000000      15.000000     136.000000      11.800000   2.221795e+27
      40.174900     141.651310      54.883100     478.824890      52.461790     195.000000      15.000000     137.200000      14.000000   1.940219e+27
      39.914100     141.562190      54.883100     199.147090     100.141400     195.000000      15.000000     145.000000      12.000000   8.069536e+26
      39.653300     141.473210      54.883100      16.820140      82.822540     195.000000      15.000000     113.400000      10.200000   6.815602e+25
      39.392500     141.384090      54.883100     222.465810     122.199300     195.000000      15.000000      80.200000       9.600000   9.014420e+26
      39.131700     141.295000      54.883100     314.402800      59.383940     195.000000      15.000000      74.600000      10.200000   1.273975e+27
      38.871000     141.205990      54.883100     277.390900      62.954090     195.000000      15.000000      73.800000      12.200000   1.124000e+27
      38.610200     141.116900      54.883100      90.143520      63.485990     195.000000      15.000000      75.200000      12.800000   3.652653e+26
      38.349400     141.027800      54.883100     119.966100      82.323740     195.000000      15.000000      69.000000      10.600000   4.861080e+26
      38.088600     140.938800      54.883100     352.484310     120.841100     195.000000      15.000000      75.000000       9.600000   1.428283e+27
      37.827800     140.849700      54.883100     298.157990     129.806110     195.000000      15.000000      79.600000      12.800000   1.208150e+27
      37.567100     140.760600      54.883100     251.772400      62.665940     195.000000      15.000000     103.200000      13.800000   1.020192e+27
      37.306300     140.671600      54.883100     346.948210      74.230220     195.000000      15.000000      77.800000      10.400000   1.405849e+27
      37.045500     140.582500      54.883100     397.666990     105.133800     195.000000      15.000000      79.200000       9.200000   1.611364e+27
      36.784700     140.493390      54.883100     145.144300     108.725700     195.000000      15.000000      86.000000       9.400001   5.881310e+26
      36.524000     140.404400      54.883100     251.153900     104.439000     195.000000      15.000000     117.400000      10.400000   1.017687e+27
      36.263200     140.315310      54.883100      11.960330      59.906060     195.000000      15.000000     168.600000      10.000000   4.846382e+25
      36.002400     140.226200      54.883100     220.491810      91.916340     195.000000      15.000000     168.600000      10.000000   8.934436e+26
      35.741600     140.137210      54.883100     276.987920      78.239500     195.000000      15.000000     168.600000      10.000000   1.122368e+27
      35.480800     140.048100      54.883100     418.243800      90.336060     195.000000      15.000000     185.000000      10.000000   1.694741e+27
      35.220100     139.959000      54.883100     644.432010     115.482100     195.000000      15.000000     185.000000      10.000000   2.611268e+27
      34.959300     139.870000      54.883100     416.089600     129.000400     195.000000      15.000000     185.000000      10.000000   1.686015e+27
