6.100500000000000000e+04 -7.728457858320325613e-04
6.190500000000000000e+04 -6.680867433715320658e-03
6.196500000000000000e+04 -4.409413131725159474e-03
6.202500000000000000e+04 -6.138166480923246127e-03
6.208500000000000000e+04 -3.867135362270346377e-03
6.214500000000000000e+04 -4.596327810759248678e-03
6.220500000000000000e+04 -6.325752019620267674e-03
6.226500000000000000e+04 -6.055416322851669975e-03
6.232500000000000000e+04 -5.785329197351529729e-03
6.238500000000000000e+04 -5.515499239663768094e-03
6.244500000000000000e+04 -6.245935172955796588e-03
6.250500000000000000e+04 -6.976645826398453210e-03
6.256500000000000000e+04 -7.707640137596172281e-03
6.262500000000000000e+04 -6.438927143790351693e-03
6.268500000000000000e+04 -7.170515956204326358e-03
6.274500000000000000e+04 -4.902415785181801766e-03
6.280500000000000000e+04 -5.634635904243623372e-03
6.286500000000000000e+04 -6.367185656017682049e-03
6.292500000000000000e+04 -6.100074439018499106e-03
6.298500000000000000e+04 -5.833311712194699794e-03
6.304500000000021828e+04 -5.566906972489960026e-03
6.310500000000000000e+04 -5.300869758684711996e-03
6.316500000000000000e+04 -6.035209642504923977e-03
6.322500000000000000e+04 -4.769936215780035127e-03
6.328500000000000000e+04 -6.505059098344645463e-03
6.334500000000000000e+04 -4.240587913955096155e-03
6.340500000000000000e+04 -3.976532299930113368e-03
6.346500000000000000e+04 -4.712901888524356764e-03
6.352500000000000000e+04 -4.449706311788759194e-03
6.358500000000000000e+04 -3.186955188539286610e-03
6.364500000000000000e+04 -1.924658116877253633e-03
6.370500000000000000e+04 -3.662824675302545074e-03
6.376500000000000000e+04 -2.401464416834642179e-03
6.382500000000000000e+04 -3.140586858535243664e-03
6.388500000000000000e+04 -3.880201478750677779e-03
6.394500000000000000e+04 -3.620317710556264501e-03
6.400500000000000000e+04 -1.360944937005115207e-03
6.406500000000000000e+04 -3.102092496192199178e-03
6.412500000000000000e+04 -2.843769651008187793e-03
6.418500000000000000e+04 -4.585985616358811967e-03
6.424500000000000000e+04 -2.328749530533968937e-03
6.430500000000000000e+04 -2.072070458780217450e-03
6.436499999999978172e+04 -3.815957391452684533e-03
6.442500000000000000e+04 -4.560419237350288313e-03
6.448500000000000000e+04 -5.305464816046878695e-03
6.454500000000000000e+04 -1.051102857672958635e-03
6.460500000000000000e+04 -2.797342003759695217e-03
6.466500000000000000e+04 -5.544190786167746410e-03
6.472500000000000000e+04 -3.291657642876089085e-03
6.478500000000000000e+04 -4.039750907395500690e-03
6.484500000000000000e+04 -4.788478794580441900e-03
6.490500000000000000e+04 -4.537849415100936312e-03
6.496500000000000000e+04 -4.287870753614697605e-03
6.502500000000000000e+04 -4.038550683617359027e-03
6.508500000000000000e+04 -4.789896946931548882e-03
6.514500000000000000e+04 -4.541917164715414401e-03
6.520500000000000000e+04 -5.294618824336794205e-03
6.526500000000000000e+04 -5.048009277743403800e-03
6.532500000000000000e+04 -5.802095749459112994e-03
6.538500000000000000e+04 -4.556885312922531739e-03
6.544500000000000000e+04 -3.312384907076193485e-03
6.550500000000000000e+04 -4.068601323524489999e-03
6.556500000000000000e+04 -2.825541208949289285e-03
6.562500000000000000e+04 -4.583211055432911962e-03
6.568500000000000000e+04 -4.341617207501258235e-03
6.574500000000000000e+04 -4.100765850125753786e-03
6.580500000000000000e+04 -3.860663015984755475e-03
6.586500000000000000e+04 -4.621314573341805954e-03
6.592500000000000000e+04 -5.382726229072432034e-03
6.598500000000000000e+04 -5.144903529071598314e-03
6.604500000000000000e+04 -5.907851851588930003e-03
6.610500000000000000e+04 -5.671576406712119933e-03
6.616500000000000000e+04 -4.436082233951310627e-03
6.622500000000000000e+04 -4.201374204967578407e-03
6.628500000000000000e+04 -4.967457010934595019e-03
6.634500000000000000e+04 -4.734335173452564050e-03
6.640500000000000000e+04 -6.502013037788856309e-03
6.646500000000000000e+04 -6.270494767704803962e-03
6.652500000000000000e+04 -5.039784350628906395e-03
6.658500000000000000e+04 -5.809885589769692160e-03
6.664500000000000000e+04 -7.580802106531336904e-03
6.670500000000000000e+04 -8.352537338396359701e-03
6.676500000000000000e+04 -6.125094540948339272e-03
6.682500000000000000e+04 -5.898476780203054659e-03
6.688500000000000000e+04 -6.672686939054983668e-03
6.694500000000000000e+04 -9.447727706174191553e-03
6.700500000000000000e+04 -9.223601586199947633e-03
6.706500000000000000e+04 -9.000310893497953657e-03
6.712500000000000000e+04 -8.777857749919348862e-03
6.718500000000000000e+04 -8.556244086321385112e-03
6.724500000000000000e+04 -1.033547164297488052e-02
6.730500000000021828e+04 -1.111554196540964767e-02
6.736500000000000000e+04 -1.189645640533854021e-02
6.742500000000000000e+04 -9.678216126303595956e-03
6.748500000000000000e+04 -1.246082208945153980e-02
6.754500000000000000e+04 -1.324427506369829644e-02
6.760500000000000000e+04 -1.402857562788994983e-02
6.766500000000000000e+04 -1.581372416058002273e-02
6.772500000000000000e+04 -1.459972084285254823e-02
6.778500000000000000e+04 -1.438656566824647598e-02
6.784500000000000000e+04 -1.817425842727971030e-02
6.790500000000000000e+04 -1.796279871450678911e-02
6.796500000000000000e+04 -1.575218593643512577e-02
6.802500000000000000e+04 -1.454241929150157375e-02
6.808500000000000000e+04 -1.533349779219861375e-02
6.814500000000000000e+04 -1.312542025061702589e-02
6.820500000000000000e+04 -1.091818528675503330e-02
6.826500000000000000e+04 -3.711791324349178467e-03
6.832500000000000000e+04 2.493763414349814411e-03
6.838500000000000000e+04 7.698480891122017056e-03
6.844500000000000000e+04 1.390236326824378921e-02
6.850500000000000000e+04 2.110541290221590316e-02
6.856500000000000000e+04 3.130763233912148280e-02
6.862499999999978172e+04 3.650902432309521828e-02
6.868500000000000000e+04 4.270959178393241018e-02
6.874500000000000000e+04 4.490933784927619854e-02
6.880500000000000000e+04 4.710826583232119447e-02
6.886500000000000000e+04 4.930637924462644150e-02
6.892500000000000000e+04 4.650368177954078419e-02
6.898500000000000000e+04 4.070017732101405272e-02
6.904500000000000000e+04 3.389586994217097526e-02
6.910500000000000000e+04 2.609076390581321903e-02
6.916500000000000000e+04 1.828486365593562368e-02
6.922500000000000000e+04 1.147817382388893748e-02
6.928500000000000000e+04 4.670699227972363587e-03
6.934500000000000000e+04 4.862444864556891844e-03
6.940500000000000000e+04 3.053415919566759840e-03
6.946500000000000000e+04 7.243617754284059629e-03
6.952500000000000000e+04 1.343305590944510186e-02
6.958500000000000000e+04 2.162173611122852890e-02
6.964500000000000000e+04 3.180966425861697644e-02
6.970500000000000000e+04 4.299684642501233611e-02
6.976500000000000000e+04 5.118328886328527005e-02
6.982500000000000000e+04 5.936899800235551083e-02
6.988500000000000000e+04 6.355398043706372846e-02
6.994500000000000000e+04 6.173824294182850281e-02
7.000500000000000000e+04 5.692179245033912593e-02
7.006500000000000000e+04 4.810463607554993359e-02
7.012500000000000000e+04 3.628678108907479327e-02
7.018500000000000000e+04 2.546823493412375683e-02
7.024500000000021828e+04 1.364900521639356157e-02
7.030500000000000000e+04 1.829099702263192739e-03
7.036500000000000000e+04 -4.991473679183400236e-03
7.042500000000000000e+04 -9.812706840421014931e-03
7.048500000000000000e+04 -1.663459153678559233e-02
7.054500000000000000e+04 -1.945711936423322186e-02
7.060500000000000000e+04 -2.528028176584484754e-02
7.066500000000000000e+04 -2.810407003653381253e-02
7.072500000000000000e+04 -3.092847531115694437e-02
7.078500000000000000e+04 -2.975348858399229357e-02
7.084500000000000000e+04 -2.957910069653735263e-02
7.090500000000000000e+04 -2.440530234525795095e-02
7.096500000000000000e+04 -1.723208408475329634e-02
7.102500000000000000e+04 -8.059436325311253313e-03
7.108500000000000000e+04 8.112650660223152954e-03
7.114500000000000000e+04 2.528418674046406522e-02
7.120500000000000000e+04 3.945518191994779045e-02
7.126500000000000000e+04 5.762564633641886758e-02
7.132500000000000000e+04 6.779559025835624197e-02
7.138500000000000000e+04 7.196502409078675555e-02
7.144500000000000000e+04 6.613395835938717937e-02
7.150500000000000000e+04 5.430240372606931487e-02
7.156499999999978172e+04 3.647037096561689395e-02
7.162500000000000000e+04 1.963787098793545738e-02
7.168500000000000000e+04 7.804914813277719077e-03
7.174500000000000000e+04 4.971513583768683020e-03
7.180500000000000000e+04 4.137678562983637676e-03
7.186500000000000000e+04 9.303421117692778353e-03
7.192500000000000000e+04 7.468752736713213380e-03
7.198500000000000000e+04 1.633685014894581400e-03
7.204500000000000000e+04 -6.201770346706325654e-03
7.210500000000000000e+04 -1.803760153688926948e-02
7.216500000000000000e+04 -3.387379664673062507e-02
7.222500000000000000e+04 -4.571034365744708339e-02
7.228500000000000000e+04 -5.354723046457365854e-02
7.234500000000000000e+04 -6.638444485452055233e-02
7.240500000000000000e+04 -7.822197452333057299e-02
7.246500000000000000e+04 -9.005980707570415689e-02
7.252500000000000000e+04 -1.008979300249848166e-01
7.258500000000000000e+04 -1.027363307994164643e-01
7.264500000000000000e+04 -9.557499673701386200e-02
7.270500000000000000e+04 -7.741391509534878423e-02
7.276500000000000000e+04 -4.625307305104797706e-02
7.282500000000000000e+04 -1.409245770082634408e-02
7.288500000000000000e+04 1.306794393167365342e-02
7.294500000000000000e+04 2.922814490375458263e-02
7.300500000000000000e+04 3.238815833356056828e-02
7.306500000000000000e+04 2.454799742281466024e-02
7.312500000000000000e+04 1.570767542762041558e-02
7.318500000000000000e+04 1.486720567481825128e-02
7.324500000000000000e+04 2.602660155389457941e-02
7.330500000000000000e+04 4.818587651061534416e-02
7.336500000000000000e+04 6.634504405064944876e-02
7.342500000000000000e+04 7.450411773697851459e-02
7.348500000000000000e+04 7.166311118089652155e-02
7.354500000000000000e+04 6.182203804928576574e-02
7.360500000000000000e+04 5.298091205168020679e-02
7.366500000000000000e+04 5.313974694854550762e-02
7.372500000000000000e+04 6.029855653741833521e-02
7.378500000000000000e+04 6.445735466331825592e-02
7.384500000000000000e+04 5.661615520693885628e-02
7.390500000000000000e+04 3.977497208234126447e-02
7.396500000000000000e+04 1.493381924137793249e-02
7.402500000000000000e+04 -7.907289332251821179e-03
7.408500000000000000e+04 -2.274833963019773364e-02
7.414500000000000000e+04 -2.958931761804706184e-02
7.420500000000000000e+04 -3.343020923239237163e-02
7.426500000000000000e+04 -3.127100039091601502e-02
7.432500000000000000e+04 -2.511167699049110524e-02
7.438500000000000000e+04 -1.595222491505410289e-02
7.444500000000000000e+04 -8.792630032075976487e-03
7.450500000000021828e+04 -2.632878195981902536e-03
7.456500000000000000e+04 -2.472955250595987309e-03
7.462500000000000000e+04 -5.312847038112522569e-03
7.468500000000000000e+04 -9.152539389106095769e-03
7.474500000000000000e+04 -8.992018137178092729e-03
7.480500000000000000e+04 -3.831269110378343612e-03
7.486500000000000000e+04 3.329721853333467152e-03
7.492500000000000000e+04 5.490968914273253176e-03
7.498500000000000000e+04 4.652486231861985289e-03
7.504500000000000000e+04 2.814287947330740280e-03
7.510500000000000000e+04 -4.023611808406712953e-03
7.516500000000000000e+04 -1.486119891796988668e-02
7.522500000000000000e+04 -2.669845927812275477e-02
7.528500000000000000e+04 -3.553537880816293182e-02
7.534500000000000000e+04 -3.937194344598538009e-02
7.540500000000000000e+04 -4.120813915596954757e-02
7.546500000000000000e+04 -3.904395193058007862e-02
7.552500000000000000e+04 -4.087936778705625329e-02
7.558500000000000000e+04 -4.871437277051882120e-02
7.564500000000000000e+04 -5.854895297306939028e-02
7.570500000000000000e+04 -6.238309450327506056e-02
7.576500000000000000e+04 -5.121678352134040324e-02
7.582499999999978172e+04 -2.405000622457009740e-02
7.588500000000000000e+04 1.011725115040462697e-02
7.594500000000000000e+04 3.328500231600628467e-02
7.600500000000000000e+04 3.145326094454503618e-02
7.606500000000000000e+04 8.622040651061979588e-03
7.612500000000000000e+04 -1.920864499243180035e-02
7.618500000000000000e+04 -3.803878247344982810e-02
7.624500000000000000e+04 -3.686835833741497481e-02
7.630500000000000000e+04 -1.069735917917569168e-02
7.636500000000000000e+04 2.047422833038581302e-02
7.642500000000000000e+04 3.864641747532004956e-02
7.648500000000000000e+04 3.981922145885619102e-02
7.654500000000000000e+04 2.599265342723811045e-02
7.660500000000000000e+04 1.016672645164362621e-02
7.666500000000000000e+04 1.341453533314052038e-03
7.672500000000000000e+04 -3.483152401713596191e-03
7.678500000000000000e+04 -5.307078501573414542e-03
7.684500000000000000e+04 -8.130311993227223866e-03
7.690500000000000000e+04 -4.952840185978857335e-03
7.696500000000000000e+04 7.225349529107916169e-03
7.702500000000000000e+04 2.740426967829989735e-02
7.708500000000000000e+04 4.658393269710359164e-02
7.714500000000000000e+04 4.776435093481268268e-02
7.720500000000000000e+04 3.494553664950217353e-02
7.726500000000000000e+04 1.612750200547452550e-02
7.732500000000000000e+04 7.310259073165070731e-03
7.738500000000000000e+04 1.449381982365594013e-02
7.744500000000021828e+04 2.567819612977473298e-02
7.750500000000000000e+04 3.086339976016461151e-02
7.756500000000000000e+04 2.204944238837924786e-02
7.762500000000000000e+04 -7.636644259036984295e-04
7.768500000000000000e+04 -2.757590922647068510e-02
7.774500000000000000e+04 -4.738728066786279669e-02
7.780500000000000000e+04 -5.419776751568861073e-02
7.786500000000000000e+04 -4.900735864703165134e-02
7.792500000000000000e+04 -3.881604305297514657e-02
7.798500000000000000e+04 -3.462380984819901641e-02
7.804500000000000000e+04 -3.943064825853070943e-02
7.810500000000000000e+04 -4.323654763356898911e-02
7.816500000000000000e+04 -3.604149744660389842e-02
7.822500000000000000e+04 -2.484548729808011558e-02
7.828500000000000000e+04 -2.264850690608000150e-02
7.834500000000000000e+04 -3.045054612539388472e-02
7.840500000000000000e+04 -3.225159493376850151e-02
7.846500000000000000e+04 -1.705164344821241684e-02
7.852500000000000000e+04 4.149318083364050835e-03
7.858500000000000000e+04 9.351299285299319308e-03
7.864500000000000000e+04 4.554309633931552526e-03
7.870500000000000000e+04 8.758358471823157743e-03
7.876499999999978172e+04 2.896345500084862579e-02
7.882500000000000000e+04 5.516960828481387580e-02
7.888500000000000000e+04 6.237682723531179363e-02
7.894500000000000000e+04 5.658512062382214935e-02
7.900500000000000000e+04 5.079449707500316435e-02
7.906500000000000000e+04 5.600496506485796999e-02
7.912500000000000000e+04 5.921653291534312302e-02
7.918500000000000000e+04 5.342920880048040999e-02
7.924500000000000000e+04 3.564300073776394129e-02
7.930500000000000000e+04 1.285791659756796435e-02
7.936500000000000000e+04 -2.926035917880653869e-03
7.942500000000000000e+04 -5.708849259463022463e-03
7.948500000000000000e+04 8.509483965099207126e-03
7.954500000000000000e+04 2.872897098586690845e-02
7.960500000000000000e+04 3.194961886947567109e-02
7.966500000000000000e+04 1.117143451847368851e-02
7.972500000000000000e+04 -1.060557533128303476e-02
7.978500000000000000e+04 -1.938140410675259773e-02
7.984500000000000000e+04 -2.515604540622007335e-02
7.990500000000000000e+04 -3.692949299602332758e-02
7.996500000000000000e+04 -4.970174081245204434e-02
8.002500000000000000e+04 -4.847278296620061155e-02
8.008499999999978172e+04 -4.124261373908666428e-02
8.014500000000000000e+04 -4.901122759019926889e-02
8.020500000000000000e+04 -6.777861915543326177e-02
8.026500000000000000e+04 -6.654478324071533279e-02
8.032500000000000000e+04 -3.630971483744360739e-02
8.038500000000000000e+04 -5.073409114629612304e-03
8.044500000000000000e+04 -6.835861423496680800e-03
8.050500000000000000e+04 -2.459706729314348195e-02
8.056500000000000000e+04 -3.035702244324056664e-02
8.062500000000000000e+04 -2.311572276721562957e-02
8.068500000000000000e+04 -2.287316435376851587e-02
8.074500000000000000e+04 -2.262934347254486056e-02
8.080500000000000000e+04 -4.384256583762180526e-03
8.086500000000000000e+04 2.386209966516616987e-02
8.092500000000000000e+04 3.610972844126081327e-02
8.098500000000000000e+04 3.335863271058769897e-02
8.104500000000000000e+04 4.460881525847071316e-02
8.110500000000000000e+04 7.486027867071243236e-02
8.116500000000000000e+04 8.611302534336573444e-02
8.122500000000000000e+04 6.036705747555970447e-02
8.128500000000000000e+04 2.462237707186432090e-02
8.134500000000000000e+04 1.787898594193393365e-02
8.140500000000000000e+04 3.413688569708028808e-02
8.146500000000000000e+04 3.439607774816977326e-02
8.152500000000000000e+04 1.865656331392528955e-02
8.158500000000000000e+04 8.918343405639461707e-03
8.164500000000000000e+04 8.181418840649712365e-03
8.170500000000021828e+04 1.445790230718557723e-03
8.176500000000000000e+04 -1.828854200903151650e-02
8.182500000000000000e+04 -3.102157767443713965e-02
8.188500000000000000e+04 -2.975331675679626642e-02
8.194500000000000000e+04 -2.948375945379666518e-02
8.200500000000000000e+04 -4.521290616958140163e-02
8.206500000000000000e+04 -6.194075750863703433e-02
8.212500000000000000e+04 -5.766731428866478382e-02
8.218500000000000000e+04 -4.039257752901903586e-02
8.224500000000000000e+04 -4.211654845494194888e-02
8.230500000000000000e+04 -5.383922850342059974e-02
8.236500000000000000e+04 -4.756061931311705848e-02
8.242500000000000000e+04 -2.128072273808356840e-02
8.248500000000000000e+04 -7.999540839591645636e-03
8.254500000000000000e+04 -2.371707588554272661e-02
8.260500000000000000e+04 -3.443333035738760373e-02
8.266500000000000000e+04 -2.114830694154079538e-02
8.272500000000000000e+04 -1.186200854408525629e-02
8.278500000000000000e+04 -2.357443827258975944e-02
8.284500000000000000e+04 -3.628559945354936644e-02
8.290500000000000000e+04 -2.999549561991443625e-02
8.296500000000000000e+04 -1.670413051942887250e-02
8.302499999999978172e+04 -1.241150811620173045e-02
8.308500000000000000e+04 -1.511763257803977467e-02
8.314500000000000000e+04 -9.822508292018028442e-03
8.320500000000000000e+04 -5.526139857465750538e-03
8.326500000000000000e+04 7.714679168202565052e-04
8.332500000000000000e+04 7.070309999107848853e-03
8.338500000000000000e+04 4.370381155240465887e-03
8.344500000000000000e+04 -6.328324071546376217e-03
8.350500000000000000e+04 -9.025811346873524599e-03
8.356500000000000000e+04 1.277913449484913144e-03
8.362500000000000000e+04 1.658284421955613652e-02
8.368500000000000000e+04 1.088897465251648100e-02
8.374500000000000000e+04 6.196298227223451249e-03
8.380500000000000000e+04 1.250480820635857526e-02
8.386500000000000000e+04 2.181449763247655937e-02
8.392500000000000000e+04 1.412535934287006967e-02
8.398500000000000000e+04 3.437385956203797832e-03
8.404500000000000000e+04 6.750569875293876976e-03
8.410500000000000000e+04 9.064903291800874285e-03
8.416500000000000000e+04 3.380378184374421835e-03
8.422500000000000000e+04 -1.330301368670916418e-02
8.428500000000000000e+04 -1.398528076788352337e-02
8.434500000000000000e+04 -4.666431724217545707e-03
8.440500000000000000e+04 1.653524564972030930e-03
8.446500000000000000e+04 -6.025420991136343218e-03
8.452500000000000000e+04 -1.170327768977585947e-02
8.458500000000000000e+04 -4.380055050205555744e-03
8.464500000000021828e+04 9.944237198396876920e-03
8.470500000000000000e+04 1.526958912108966615e-02
8.476500000000000000e+04 9.595990562047518324e-03
8.482500000000000000e+04 1.092343116215488408e-02
8.488500000000000000e+04 2.125190034530533012e-02
8.494500000000000000e+04 1.958138732879888266e-02
8.500500000000000000e+04 1.911881118758174125e-03
8.506500000000000000e+04 -9.756629488947510254e-03
8.512500000000000000e+04 -4.424155906235682778e-03
8.518500000000000000e+04 -1.109070975689974148e-02
8.524500000000000000e+04 -3.675630286670639180e-02
8.530500000000000000e+04 -5.042094727832591161e-02
8.536500000000000000e+04 -3.608465523575432599e-02
8.542500000000000000e+04 -2.674743919124011882e-02
8.548500000000000000e+04 -4.340931180195184425e-02
8.554500000000000000e+04 -5.607028593203722266e-02
8.560500000000000000e+04 -4.273037464554363396e-02
8.566500000000000000e+04 -1.538959122535743518e-02
8.572500000000000000e+04 -8.047949139836418908e-03
8.578500000000000000e+04 -1.770546207262668759e-02
8.584500000000000000e+04 -2.236214390359236859e-02
8.590500000000000000e+04 -1.701800871614977950e-02
8.596500000000021828e+04 -1.367307079635793343e-02
8.602500000000000000e+04 -1.332734462903317763e-02
8.608500000000000000e+04 -6.980844897952920292e-03
8.614500000000000000e+04 4.366413514617306646e-03
8.620500000000000000e+04 6.714415526403172407e-03
8.626500000000000000e+04 7.063145862048259005e-03
8.632500000000000000e+04 6.412589045794447884e-03
8.638500000000000000e+04 5.762729411799227819e-03
8.644500000000000000e+04 1.111355109424039256e-02
8.650500000000000000e+04 2.446503803366795182e-02
8.656500000000000000e+04 2.681717398263572250e-02
8.662500000000000000e+04 9.169942502012418117e-03
8.668500000000000000e+04 5.523326954971707892e-03
8.674500000000000000e+04 2.887731052396702580e-02
8.680500000000000000e+04 4.623187619745294796e-02
8.686500000000000000e+04 3.658700677442539018e-02
8.692500000000000000e+04 1.994268487214867491e-02
8.698500000000000000e+04 1.329889291901054094e-02
8.704500000000000000e+04 1.265561316085950239e-02
8.710500000000000000e+04 1.901282765629730420e-02
8.716500000000000000e+04 3.137051828616677085e-02
8.722500000000000000e+04 3.072866674392571440e-02
8.728499999999978172e+04 1.408725455257808790e-02
8.734500000000000000e+04 1.144626304721896304e-02
8.740500000000000000e+04 3.180567338313267101e-02
8.746500000000000000e+04 4.516546655122510856e-02
8.752500000000000000e+04 3.752562335557740880e-02
8.758500000000000000e+04 2.788612442964222282e-02
8.764500000000000000e+04 2.124695023485401180e-02
8.770500000000000000e+04 8.608081057900562882e-03
8.776500000000000000e+04 -3.030502981346216984e-03
8.782500000000000000e+04 -6.688219327770639211e-04
8.788500000000000000e+04 1.269310398220113711e-02
8.794500000000000000e+04 1.105525437924370635e-02
8.800500000000000000e+04 -1.582391290867235512e-03
8.806500000000000000e+04 -6.219853748007153627e-03
8.812500000000000000e+04 2.142846135029685684e-03
8.818500000000000000e+04 -4.494312681345036253e-03
8.824500000000000000e+04 -3.113135139665246243e-02
8.830500000000000000e+04 -6.376829136752348859e-02
8.836500000000000000e+04 -7.140515410355874337e-02
8.842500000000000000e+04 -5.404196127983595943e-02
8.848500000000000000e+04 -3.567873471547500230e-02
8.854500000000000000e+04 -3.331549639096920146e-02
8.860500000000000000e+04 -3.395226842530973954e-02
8.866500000000000000e+04 -2.158907310058566509e-02
8.872500000000000000e+04 -2.225932837973232381e-03
8.878500000000000000e+04 8.137129788337915670e-03
8.884500000000000000e+04 1.650009206787217408e-02
8.890500000000021828e+04 2.086293113734427607e-02
8.896500000000000000e+04 2.022562399633898167e-02
8.902500000000000000e+04 2.558814750682358863e-02
8.908500000000000000e+04 2.695047838733444223e-02
8.914500000000000000e+04 1.731259322241385235e-02
8.920500000000000000e+04 1.567446845911035780e-02
8.926500000000000000e+04 4.003608041148254415e-02
8.932500000000000000e+04 4.839740526495006634e-02
8.938500000000000000e+04 3.475841907038557110e-02
8.944500000000000000e+04 4.411909775171807269e-02
8.950500000000000000e+04 6.247941710535087623e-02
8.956500000000000000e+04 4.983935280324658379e-02
8.962500000000000000e+04 4.019888039510988165e-02
8.968500000000000000e+04 5.455797530521522276e-02
8.974500000000000000e+04 4.791661284252768382e-02
8.980500000000000000e+04 2.227476819462026469e-02
8.986500000000000000e+04 2.663241643131186720e-02
8.992500000000000000e+04 3.198953251285274746e-02
8.998500000000000000e+04 8.346091282874112949e-03
9.004500000000000000e+04 -6.297932524830684997e-03
9.010500000000000000e+04 5.743571637140121311e-05
9.016500000000000000e+04 -2.158782947753934423e-02
9.022499999999978172e+04 -4.223375369565474102e-02
9.028500000000000000e+04 -1.788036262860259740e-02
9.034500000000000000e+04 9.472317930885765236e-03
9.040500000000000000e+04 1.282426208672404755e-02
9.046500000000000000e+04 1.317544385346991476e-02
9.052500000000000000e+04 1.352583713833155343e-02
9.058500000000000000e+04 -2.124584236298687756e-03
9.064500000000000000e+04 -1.977584654468955705e-02
9.070500000000000000e+04 -1.942797614992741728e-02
9.076500000000000000e+04 -5.080999501842597965e-03
9.082500000000000000e+04 -4.734943140647374094e-03
9.088500000000000000e+04 -2.338983368827030063e-02
9.094500000000000000e+04 -2.804569784620980499e-02
9.100500000000000000e+04 2.974375966005027294e-04
9.106500000000000000e+04 2.363954578322591260e-02
9.112500000000000000e+04 2.098059976833610563e-02
9.118500000000000000e+04 2.332057254261599155e-02
9.124500000000000000e+04 2.865943701544892974e-02
9.130500000000000000e+04 1.199716603696288075e-02
9.136500000000000000e+04 -6.662676187261240557e-04
9.142500000000000000e+04 2.669108755071647465e-03
9.148500000000000000e+04 3.003267807798692957e-03
9.154500000000000000e+04 -1.266381787627324229e-02
9.160500000000000000e+04 -3.133217577851610258e-02
9.166500000000000000e+04 -3.900183342466334580e-02
9.172500000000000000e+04 -3.467281840858049691e-02
9.178500000000000000e+04 -2.934515837296203244e-02
9.184500000000000000e+04 -2.801888101021177135e-02
9.190500000000000000e+04 -2.269401406647375552e-02
9.196500000000000000e+04 -1.937058532894297969e-02
9.202500000000000000e+04 -2.304862263827089919e-02
9.208500000000000000e+04 -6.728153869516972918e-03
9.214500000000000000e+04 1.659079305682098493e-02
9.220500000000000000e+04 9.081901825993554667e-04
9.226500000000000000e+04 -1.477599048575939378e-02
9.232500000000000000e+04 1.753822302180196857e-02
9.238500000000000000e+04 4.485080264657881344e-02
9.244500000000000000e+04 3.616172029614972416e-02
9.250500000000000000e+04 4.947094785256922478e-02
9.256500000000000000e+04 6.977845716937736142e-02
9.262500000000000000e+04 5.708422008410707349e-02
9.268500000000000000e+04 4.538820840662083356e-02
9.274500000000000000e+04 5.769039392635022523e-02
9.280500000000000000e+04 5.399074842625850579e-02
9.286500000000000000e+04 3.228924366158025805e-02
9.292500000000000000e+04 3.758585138712078333e-02
9.298500000000000000e+04 4.188054333735635737e-02
9.304500000000000000e+04 1.173291245322616305e-03
9.310500000000000000e+04 -4.253593316025217064e-02
9.316500000000021828e+04 -3.224715815667877905e-02
9.322500000000000000e+04 -1.296041202476772014e-02
9.328500000000000000e+04 -3.767572303968336200e-02
9.334500000000000000e+04 -5.739311947490932653e-02
9.340500000000000000e+04 -2.611262959908344783e-02
9.346500000000000000e+04 -1.183428167041711276e-02
9.352500000000000000e+04 -3.955810394108993933e-02
9.358500000000000000e+04 -3.828412464554276085e-02
9.364500000000000000e+04 -2.801237200492323609e-02
9.370500000000000000e+04 -5.174287422778434120e-02
9.376500000000000000e+04 -5.647565949857380474e-02
9.382500000000000000e+04 -2.521075597906019539e-02
9.388500000000000000e+04 -1.994819181254570140e-02
9.394500000000000000e+04 -2.568799511118413648e-02
9.400500000000000000e+04 -2.430193961117765866e-03
9.406500000000000000e+04 2.782518358253582846e-02
9.412500000000000000e+04 5.407810950055136345e-02
9.418500000000000000e+04 9.032855580062459921e-02
9.424500000000000000e+04 1.115764945388946217e-01
9.430500000000000000e+04 1.078218978054792387e-01
9.436500000000000000e+04 1.070647377300701919e-01
9.442500000000000000e+04 1.013049864950517076e-01
9.448499999999978172e+04 8.354261632393900072e-02
9.454500000000000000e+04 7.077759948879247531e-02
9.460500000000000000e+04 6.500990831591479946e-02
9.466500000000000000e+04 4.623951518078683876e-02
9.472500000000000000e+04 2.246639251916349167e-02
9.478500000000000000e+04 1.369051282654254464e-02
9.484500000000000000e+04 1.391184865497052670e-02
9.490500000000000000e+04 1.303726166952401400e-04
9.496500000000000000e+04 -1.365394260301400209e-02
9.502500000000000000e+04 -8.441124256023613270e-03
9.508500000000000000e+04 -1.223119952646811726e-02
9.514500000000000000e+04 -4.402419552297942573e-02
9.520500000000000000e+04 -5.382013928101514466e-02
9.526500000000000000e+04 -4.161905776163621340e-02
9.532500000000000000e+04 -4.142097784097131807e-02
9.538500000000000000e+04 -4.422592632363375742e-02
9.544500000000000000e+04 -3.903392992197041167e-02
9.550500000000000000e+04 -2.784501526912208647e-02
9.556500000000000000e+04 -1.965920890415873146e-02
9.562500000000000000e+04 -5.476537283357174601e-03
9.568500000000000000e+04 -2.297026761880260892e-03
9.574500000000000000e+04 -2.212070360837969929e-02
9.580500000000000000e+04 -5.094759399253234733e-02
9.586500000000000000e+04 -5.577772397828084650e-02
9.592500000000000000e+04 -4.561111953989893664e-02
9.598500000000000000e+04 -4.244780653334601084e-02
9.604500000000000000e+04 -4.528781072258425411e-02
9.610500000000021828e+04 -3.813115775756159564e-02
9.616500000000000000e+04 -1.597787317587062716e-02
9.622500000000000000e+04 2.172017596421937924e-03
9.628500000000000000e+04 -2.681510753973270766e-03
9.634500000000000000e+04 -1.353848342296259943e-02
9.640500000000000000e+04 -6.398925484973005950e-03
9.646500000000000000e+04 -6.262861892537330277e-03
9.652500000000000000e+04 -2.113031748194771353e-02
9.658500000000000000e+04 -2.000131694785522996e-02
9.664500000000000000e+04 -8.875884876943018753e-03
9.670500000000000000e+04 -1.375404570626415079e-02
9.676500000000000000e+04 -1.763582375679106917e-02
9.682500000000000000e+04 -1.152124320560687920e-02
9.688500000000000000e+04 5.589671905909199268e-03
9.694500000000000000e+04 1.169689767539239256e-02
9.700500000000000000e+04 -1.019958965844125487e-02
9.706500000000000000e+04 -1.809981371752655832e-02
9.712500000000000000e+04 3.996202025518869050e-03
9.718500000000000000e+04 1.508843424653605325e-02
9.724500000000000000e+04 2.417685976615757681e-02
9.730500000000000000e+04 3.826145556649862556e-02
9.736500000000000000e+04 2.634219877108989749e-02
9.742499999999978172e+04 2.541906666647264501e-02
9.748500000000000000e+04 4.249203669860435184e-02
9.754500000000000000e+04 2.756108647008659318e-02
9.760500000000000000e+04 1.962619374717178289e-02
9.766500000000000000e+04 2.968733645866450388e-02
9.772500000000000000e+04 6.744492705365701113e-03
9.778500000000000000e+04 -4.202359247756248806e-03
9.784500000000000000e+04 1.484675903066090541e-02
9.790500000000000000e+04 3.891826154358568601e-03
9.796500000000000000e+04 -4.067179094818129670e-03
9.802500000000000000e+04 1.396972224210912827e-02
9.808500000000000000e+04 1.400250930328184040e-02
9.814500000000000000e+04 4.031161408420302905e-03
9.820500000000000000e+04 5.055658061792200897e-03
9.826500000000000000e+04 1.407597894558421103e-02
9.832500000000000000e+04 2.709210393368266523e-02
9.838500000000000000e+04 1.010401308667496778e-02
9.844500000000000000e+04 -4.888313341325556394e-03
9.850500000000000000e+04 9.115105094679165632e-03
9.856500000000000000e+04 -4.885750970970548224e-03
9.862500000000000000e+04 -1.389090070097154239e-02
9.868500000000000000e+04 5.099636938211915549e-03
9.874500000000000000e+04 -9.141568225459195673e-04
9.880500000000000000e+04 -8.932300544074678328e-03
9.886500000000000000e+04 1.304518740471394267e-02
9.892500000000000000e+04 1.101828887567535276e-02
9.898500000000000000e+04 -2.013014085605391301e-03
9.904500000000000000e+04 2.951260788904619403e-03
9.910500000000000000e+04 -5.088904034892038908e-03
9.916500000000000000e+04 -1.913352586871042149e-02
9.922500000000000000e+04 -2.218262181122554466e-02
9.928500000000000000e+04 -2.423620874924381496e-02
9.934500000000000000e+04 -9.294303347815002780e-03
9.940500000000000000e+04 -3.569220498320646584e-04
9.946500000000000000e+04 -7.424081079989264254e-03
9.952500000000000000e+04 -1.149579643515608041e-02
9.958500000000000000e+04 -2.957208389398147119e-02
9.964500000000000000e+04 -4.465295899990451289e-02
9.970500000000000000e+04 -3.973843707535706926e-02
9.976500000000000000e+04 -4.582853320971480571e-02
9.982500000000000000e+04 -5.392326225319266086e-02
9.988500000000000000e+04 -4.102263883578416426e-02
9.994500000000000000e+04 -1.912667733995476738e-02
1.000050000000000000e+05 -1.023539191737654619e-02
1.000650000000000000e+05 -1.634879648281639675e-02
1.001250000000000000e+05 -1.446690470675093820e-02
1.001850000000000000e+05 -1.058973001818230841e-02
1.002450000000000000e+05 -2.571728560451447265e-02
1.003050000000000000e+05 -2.884958441154594766e-02
1.003650000000002183e+05 -8.986639129943796434e-03
1.004250000000000000e+05 -8.128462210152065381e-03
1.004850000000000000e+05 -1.127506585089577129e-02
1.005450000000000000e+05 4.573537998112442438e-03
1.006050000000000000e+05 2.417337643237260636e-03
1.006650000000000000e+05 -3.743678356840973720e-03
1.007250000000000000e+05 4.090478808393527288e-03
1.007850000000000000e+05 4.919798212540626992e-03
1.008450000000000000e+05 -6.255730820157623384e-03
1.009050000000000000e+05 -1.143611869974847650e-02
1.009650000000000000e+05 -2.662137557854293846e-02
1.010250000000000000e+05 -3.381151134908577660e-02
1.010850000000000000e+05 -4.100653563546075020e-02
1.011450000000000000e+05 -4.920645780021004612e-02
1.012050000000000000e+05 -4.041128693552309414e-02
1.012650000000000000e+05 -1.262103187400498427e-02
1.013250000000000000e+05 -5.835701173964480404e-03
1.013850000000000000e+05 -6.055303121684119105e-03
1.014450000000000000e+05 6.720154259710398037e-03
1.015050000000000000e+05 1.449066322766157100e-02
1.015650000000000000e+05 5.256216305497218855e-03
1.016250000000000000e+05 -2.983193700856645592e-03
1.016849999999997817e+05 1.777242628759267973e-02
1.017450000000000000e+05 2.152306962125294376e-02
1.018050000000000000e+05 -1.373127006354479818e-02
1.018650000000000000e+05 -2.199059885424503591e-02
1.019250000000000000e+05 -3.254922559790429659e-03
1.019850000000000000e+05 -1.952424670434993459e-02
1.020450000000000000e+05 -4.079857653414364904e-02
1.021050000000000000e+05 -2.407791700352390762e-02
1.021650000000000000e+05 -1.336227279352897312e-02
1.022250000000000000e+05 -6.651648291153833270e-03
1.022850000000000000e+05 -2.946047597106371541e-03
1.023450000000000000e+05 -5.245474532785010524e-03
1.024050000000000000e+05 2.450067378049425315e-03
1.024650000000000000e+05 9.140574895354802720e-03
1.025250000000000000e+05 7.826045072761189658e-03
1.025850000000000000e+05 2.050647525175008923e-02
1.026450000000000000e+05 3.218186306912684813e-02
1.027050000000000000e+05 3.285220645011577290e-02
1.027650000000000000e+05 3.751750361880112905e-02
1.028250000000000000e+05 4.417775308866112027e-02
1.028850000000000000e+05 4.083295367126993369e-02
1.029450000000000000e+05 2.648310447420954006e-02
1.030050000000000000e+05 2.412820490280864760e-02
1.030650000000000000e+05 3.376825464965804713e-02
1.031250000000000000e+05 3.340325372300867457e-02
1.031850000000000000e+05 3.803320241604524199e-02
1.032450000000000000e+05 4.265810132710612379e-02
1.033050000000002183e+05 1.527795134916232200e-02
1.033650000000000000e+05 -1.110724631507764570e-02
1.034250000000000000e+05 -4.497490171161189210e-03
1.034850000000000000e+05 1.072215836757095531e-04
1.035450000000000000e+05 7.068910545058315620e-04
1.036050000000000000e+05 -7.698479357713949867e-03
1.036650000000000000e+05 -1.810888694217283046e-02
1.037250000000000000e+05 -2.252432868499454344e-02
1.037850000000000000e+05 -3.294480126987764379e-02
1.038450000000000000e+05 -3.937030107317696093e-02
1.039050000000000000e+05 -2.980082417525409255e-02
1.039650000000000000e+05 -3.023636633224668913e-02
1.040250000000000000e+05 -3.367692301253555343e-02
1.040850000000000000e+05 -1.412248937140248017e-02
1.041450000000000000e+05 3.426939743803814054e-03
1.042050000000000000e+05 7.971369790539029054e-03
1.042650000000000000e+05 5.510806536221934948e-03
1.043250000000000000e+05 4.045256050630996469e-03
1.043850000000000000e+05 -4.252752833053818904e-04
1.044450000000000000e+05 4.099219221643579658e-03
1.045050000000000000e+05 8.618746563115564641e-03
1.045650000000000000e+05 8.133314046062878333e-03
1.046249999999997817e+05 4.642929279725649394e-03
1.046850000000000000e+05 1.014760019279492553e-02
1.047450000000000000e+05 7.647335010915412568e-03
1.048050000000000000e+05 1.421422721250564791e-04
1.048650000000000000e+05 6.320308284557540901e-04
1.049250000000000000e+05 5.117009833156771492e-03
1.049850000000000000e+05 1.597088752532727085e-03
1.050450000000000000e+05 6.072277360544831026e-03
1.051050000000000000e+05 1.454258574449340813e-02
1.051650000000000000e+05 9.008024292597838212e-03
1.052250000000000000e+05 1.146860370408830931e-02
1.052850000000000000e+05 2.092433498819445958e-02
1.053450000000000000e+05 -1.624770534363051411e-03
1.054050000000000000e+05 -1.117870123835018603e-02
1.054650000000000000e+05 -9.737445194332394749e-03
1.055250000000000000e+05 -2.830099015591258649e-02
1.055850000000000000e+05 -3.086932357655314263e-02
1.056450000000000000e+05 -2.744243259894574294e-02
1.057050000000000000e+05 -2.302030405917321332e-02
1.057650000000000000e+05 -2.160292448570544366e-02
1.058250000000000000e+05 -2.519028010283363983e-02
1.058850000000000000e+05 -1.978235682508966420e-02
1.059450000000000000e+05 -2.437914026722864946e-02
1.060050000000000000e+05 -2.598061573189625051e-02
1.060650000000000000e+05 -5.586768218563520350e-03
1.061250000000000000e+05 8.024175767786800861e-04
1.061850000000000000e+05 1.418695726169971749e-02
1.062450000000000000e+05 2.956686674406228121e-02
1.063050000000000000e+05 2.894216224467527354e-02
1.063650000000000000e+05 3.631286028030444868e-02
1.064250000000000000e+05 3.767897767011163523e-02
1.064850000000000000e+05 4.004053153312270297e-02
1.065450000000000000e+05 5.539753929315338610e-02
1.066050000000000000e+05 5.175001867337414296e-02
1.066650000000000000e+05 4.709798769363260362e-02
1.067250000000000000e+05 5.444146467471000506e-02
1.067850000000000000e+05 4.578046823735348880e-02
1.068450000000000000e+05 3.711501729503652314e-02
1.069050000000000000e+05 2.844513106447266182e-02
1.069650000000000000e+05 1.277082905016868608e-02
1.070250000000000000e+05 1.092131060431711376e-03
1.070850000000000000e+05 -1.059094281117722858e-02
1.071450000000000000e+05 -2.227837216832995182e-02
1.072050000000000000e+05 -1.697013632838206831e-02
1.072650000000000000e+05 -1.966621431529347319e-02
1.073250000000000000e+05 -1.836658486354281195e-02
1.073850000000000000e+05 1.928773584950249642e-03
1.074450000000000000e+05 -2.780117123620584607e-03
1.075050000000000000e+05 -1.549323485505738063e-02
1.075650000000002183e+05 7.894428090367000550e-04
1.076250000000000000e+05 6.793857392040081322e-05
1.076850000000000000e+05 -4.657724567550758366e-03
1.077450000000000000e+05 -3.875233423968893476e-04
1.078050000000000000e+05 -1.412143419202038785e-02
1.078650000000000000e+05 -1.285943327820859849e-02
1.079250000000000000e+05 -2.060149648332298966e-02
1.079850000000000000e+05 -4.234759940663934685e-02
1.080450000000000000e+05 -3.009771737833943916e-02
1.081050000000000000e+05 -1.985182544012786821e-02
1.081650000000000000e+05 -2.360989837052329676e-02
1.082250000000000000e+05 -1.437191065997467376e-02
1.082850000000000000e+05 -1.813783654233702691e-02
1.083450000000000000e+05 -4.907649966298777144e-03
1.084050000000000000e+05 2.031867538426013198e-02
1.084650000000000000e+05 1.354116608945332700e-02
1.085250000000000000e+05 1.475984900480398210e-02
1.085850000000000000e+05 3.897475124904303811e-02
1.086450000000000000e+05 4.118590020152623765e-02
1.087050000000000000e+05 3.039332350726908771e-02
