2.500500000000000000e+04 5.473027798416296719e-03
2.590500000000000000e+04 3.052508299788314616e-03
2.596500000000000000e+04 4.923402525491837878e-03
2.602500000000000000e+04 2.839419179508695379e-03
2.608500000000000000e+04 8.004250007616064977e-04
2.614500000000000000e+04 8.062800729931041133e-04
2.620500000000000000e+04 8.568379030293726828e-04
2.626500000000000000e+04 2.951945511995290872e-03
2.632500000000000000e+04 -1.908556484522705432e-03
2.638500000000000000e+04 -1.724833792650315445e-03
2.644500000000000000e+04 2.502941642887890339e-03
2.650500000000000000e+04 -2.254082778563315514e-04
2.656500000000000000e+04 -9.100677325477590784e-04
2.662500000000000000e+04 -1.551226887386292219e-03
2.668500000000000000e+04 -1.149081821040454088e-03
2.674500000000000000e+04 -7.038344469947332982e-04
2.680500000000000000e+04 -1.215692425375891617e-03
2.686500000000000000e+04 -6.848690918559441343e-04
2.692500000000000000e+04 1.888416630663414253e-03
2.698500000000000000e+04 -3.496059699955367250e-03
2.704500000000000000e+04 1.614720440556993708e-04
2.710500000000000000e+04 -1.139223369591491064e-03
2.716500000000000000e+04 -1.398386452819977421e-03
2.722500000000000000e+04 -2.616262917854328407e-03
2.728500000000000000e+04 -7.931036093395960052e-04
2.734500000000000000e+04 -2.929164414581464371e-03
2.740500000000000000e+04 -1.024706200496439124e-03
2.746500000000000000e+04 -1.079994733572675614e-03
2.752500000000000000e+04 -5.095300603443320142e-03
2.758500000000000000e+04 -5.070899148904572940e-03
2.764500000000000000e+04 -4.007070388524880400e-03
2.770500000000000000e+04 -9.040989416462252848e-04
2.776500000000000000e+04 -1.762273958775040228e-03
2.782500000000000000e+04 -4.581889047130971448e-03
2.788500000000000000e+04 -4.363242200724926079e-03
2.794500000000000000e+04 -7.106635725449450547e-03
2.800500000000000000e+04 -4.812376171230425825e-03
2.806500000000000000e+04 -6.480774257397570182e-03
2.812500000000000000e+04 -6.112144808867014945e-03
2.818500000000000000e+04 -4.706806676949781831e-03
2.824500000000000000e+04 -7.265082675985468086e-03
2.830500000000000000e+04 -3.787299515806807904e-03
2.836500000000000000e+04 -4.273787724287103629e-03
2.842500000000000000e+04 -9.724881590955192223e-03
2.848500000000000000e+04 -7.140919089124508901e-03
2.854500000000000000e+04 -5.522241812741413014e-03
2.860500000000000000e+04 -5.869194910246733343e-03
2.866500000000000000e+04 -9.182127015719743213e-03
2.872500000000000000e+04 -8.461390184038464213e-03
2.878500000000000000e+04 -7.707339823809888912e-03
2.884500000000000000e+04 -6.920334635196923045e-03
2.890500000000000000e+04 -1.210073653828658280e-02
2.896500000000000000e+04 -5.248910616955981823e-03
2.902500000000000000e+04 -7.365225049397849943e-03
2.908500000000000000e+04 -8.450051045656437054e-03
2.914500000000000000e+04 -1.050376278408293729e-02
2.920500000000000000e+04 -6.526737349304312374e-03
2.926500000000000000e+04 -9.519354667645529844e-03
2.932500000000000000e+04 -1.048199744764133357e-02
2.938500000000000000e+04 -9.415051118139672326e-03
2.944500000000000000e+04 -8.318903765029972419e-03
2.950500000000000000e+04 -4.193946071154641686e-03
2.956500000000000000e+04 -1.104057125576218823e-02
2.962500000000000000e+04 -7.859175017529196339e-03
2.968500000000000000e+04 -1.165015546757786069e-02
2.974500000000000000e+04 -1.241391307894446072e-02
2.980500000000000000e+04 -8.150850620950222947e-03
2.986500000000000000e+04 -1.286137310262347455e-02
2.992500000000000000e+04 -1.254588771780618117e-02
2.998500000000000000e+04 -9.204803784086834639e-03
3.004500000000000000e+04 -8.838532684876554413e-03
3.010500000000000000e+04 -1.344748781320959097e-02
3.016500000000000000e+04 -1.303208451827231329e-02
3.022500000000000000e+04 -1.159274004430699279e-02
3.028500000000000000e+04 -1.212987347935268190e-02
3.034500000000000000e+04 -1.264390569576789858e-02
3.040500000000000000e+04 -1.213525929824754712e-02
3.046500000000000000e+04 -1.060435856925323606e-02
3.052500000000000000e+04 -1.405162941046000924e-02
3.058500000000000000e+04 -1.147749929668862023e-02
3.064500000000000000e+04 -1.288239721225181711e-02
3.070500000000000000e+04 -1.326675360905937850e-02
3.076499999999978172e+04 -1.563100034445596975e-02
3.082500000000000000e+04 -1.397557063364729402e-02
3.088500000000000000e+04 -1.530089899779341067e-02
3.094500000000000000e+04 -1.660742121066505206e-02
3.100500000000000000e+04 -1.689557424651866313e-02
3.106500000000000000e+04 -1.516579623421421275e-02
3.112500000000000000e+04 -1.641852640204888303e-02
3.118500000000000000e+04 -1.365420502634151489e-02
3.124500000000000000e+04 -1.187327338675459032e-02
3.130500000000000000e+04 -7.076173714267497417e-03
3.136500000000000000e+04 1.736650857765198452e-03
3.142500000000000000e+04 1.156475634206799441e-02
3.148500000000000000e+04 2.540769794632069534e-02
3.154500000000000000e+04 3.926503012098692125e-02
3.160500000000000000e+04 6.013630660663693561e-02
3.166500000000000000e+04 7.902108047892397735e-02
3.172500000000000000e+04 9.991890419905757881e-02
3.178500000000000000e+04 1.148293296605515934e-01
3.184500000000000000e+04 1.267519082311991951e-01
3.190500000000000000e+04 1.366861908013561333e-01
3.196500000000000000e+04 1.316317278310634720e-01
3.202500000000000000e+04 1.175880693913313735e-01
3.208500000000000000e+04 9.155476521209493512e-02
3.214500000000000000e+04 5.853136472478581709e-02
3.220500000000000000e+04 2.651741710860733292e-02
3.226500000000000000e+04 -7.487528670935716946e-03
3.232500000000000000e+04 -3.948392381153098540e-02
3.238500000000000000e+04 -6.147221963647098164e-02
3.244500000000000000e+04 -7.445286755137203727e-02
3.250500000000000000e+04 -7.442631899903062731e-02
3.256500000000000000e+04 -6.839302541993674822e-02
3.262500000000000000e+04 -5.135343820893467637e-02
3.268500000000000000e+04 -3.530800867747529992e-02
3.274500000000000000e+04 -2.125718800880349590e-02
3.280500000000000000e+04 -1.120142721811134834e-02
3.286500000000000000e+04 -7.141177114135643933e-03
3.292500000000000000e+04 -1.007688825666264165e-02
3.298500000000000000e+04 -1.000901092220374267e-02
3.304500000000000000e+04 -1.493799505624338053e-02
3.310500000000000000e+04 -1.486429024043900426e-02
3.316500000000000000e+04 -9.788345654214936076e-03
3.322500000000000000e+04 -7.106100338205578737e-04
3.328500000000000000e+04 6.368468365053558955e-03
3.334500000000000000e+04 9.448441802305751480e-03
3.340500000000000000e+04 7.528863096467830474e-03
3.346500000000000000e+04 1.609285653103142977e-03
3.352500000000000000e+04 -1.031073649028257933e-02
3.358500000000000000e+04 -1.023164863363490440e-02
3.364500000000000000e+04 -5.153895374405692564e-03
3.370500000000000000e+04 -1.077920576335600344e-03
3.376500000000000000e+04 2.995832671786047285e-03
3.382500000000000000e+04 -9.330779148513101973e-04
3.388500000000000000e+04 -2.865093779746530345e-03
3.394500000000000000e+04 -1.380065548801212572e-02
3.400500000000000000e+04 -2.774020270044275094e-02
3.406500000000000000e+04 -3.668417412791313836e-02
3.412500000000000000e+04 -4.163300751042697811e-02
3.418500000000000000e+04 -3.858713957333748112e-02
3.424500000000000000e+04 -3.954700600161231705e-02
3.430500000000000000e+04 -3.451304140480715432e-02
3.436500000000000000e+04 -3.548567928646662040e-02
3.442500000000000000e+04 -3.646535200823564082e-02
3.448500000000000000e+04 -3.745249076337131555e-02
3.454500000000000000e+04 -2.644752554078877438e-02
3.460500000000000000e+04 -4.450885098776780069e-03
3.466500000000000000e+04 2.453700306932660169e-02
3.472500000000000000e+04 5.051571276408139965e-02
3.478500000000000000e+04 4.948481910787450033e-02
3.484500000000000000e+04 2.944389857975693303e-02
3.490500000000000000e+04 1.139252903976739617e-02
3.496500000000000000e+04 8.330289761488529621e-03
3.502500000000000000e+04 3.225676145802935935e-02
3.508500000000000000e+04 6.917152631331191515e-02
3.514500000000000000e+04 9.507416800761347986e-02
3.520500000000000000e+04 9.296427174922428094e-02
3.526500000000000000e+04 6.284142429694838938e-02
3.532500000000000000e+04 2.170521399239078164e-02
3.538500000000000000e+04 -7.444769215908308979e-03
3.544500000000000000e+04 -2.560893374629813479e-02
3.550500000000000000e+04 -3.178768635234519024e-02
3.556500000000000000e+04 -3.398143210461057606e-02
3.562500000000000000e+04 -3.219057435944705503e-02
3.568500000000000000e+04 -2.541551473177605658e-02
3.574500000000000000e+04 -8.656653076741349651e-03
3.580500000000000000e+04 1.208561254316009581e-02
3.586500000000000000e+04 3.081088587623526109e-02
3.592500000000000000e+04 3.751877251079349662e-02
3.598500000000000000e+04 3.920887989761467907e-02
3.604500000000000000e+04 2.588081737167158280e-02
3.610500000000000000e+04 1.953419618166662985e-02
3.616500000000000000e+04 2.716862950683207600e-02
3.622500000000000000e+04 3.878373248335265089e-02
3.628500000000000000e+04 3.937912222636441584e-02
3.634500000000000000e+04 3.195441785283037461e-02
3.640500000000000000e+04 3.250924050553294364e-02
3.646500000000000000e+04 6.204321337054352625e-02
3.652500000000000000e+04 8.655596170274293399e-02
3.658500000000000000e+04 6.404711284585573594e-02
3.664500000000000000e+04 -4.483703744426748017e-03
3.670500000000000000e+04 -6.203685648597456748e-02
3.676500000000000000e+04 -6.161271164000936551e-02
3.682500000000000000e+04 -3.321163329610499204e-02
3.688500000000000000e+04 -4.483398335605670582e-02
3.694500000000000000e+04 -9.148012150490103522e-02
3.700500000000000000e+04 -1.201504051991832966e-01
3.706500000000000000e+04 -1.038451896406513697e-01
3.712500000000000000e+04 -6.956482776604389073e-02
3.718500000000000000e+04 -5.530967022104960051e-02
3.724500000000000000e+04 -5.108006534283049405e-02
3.730500000000000000e+04 -2.087635914585916908e-02
3.736500000000000000e+04 2.130110469988721889e-02
3.742500000000000000e+04 3.645198488675305271e-02
3.748499999999978172e+04 2.857594248371242429e-02
3.754500000000000000e+04 1.867264095835707849e-02
3.760500000000000000e+04 8.741746187752141850e-03
3.766500000000000000e+04 -2.321707351893564919e-02
3.772500000000000000e+04 -7.620414740767955664e-02
3.778500000000000000e+04 -9.221980226175219286e-02
3.784500000000000000e+04 -6.526436238664246048e-02
3.790500000000000000e+04 -3.833814959352821461e-02
3.796500000000000000e+04 -3.244148318435691181e-02
3.802500000000000000e+04 -2.157467993583850330e-02
3.808500000000000000e+04 1.226194591481544194e-02
3.814500000000000000e+04 3.206808268168970244e-02
3.820500000000000000e+04 1.584342125443072291e-02
3.826500000000000000e+04 -1.741234490236820420e-02
3.832500000000000000e+04 -1.669951972098715487e-02
3.838500000000000000e+04 1.698159547504474176e-02
3.844500000000000000e+04 4.263070198567220359e-02
3.850500000000000000e+04 5.824750375086296117e-02
3.856500000000000000e+04 6.683170735823296127e-02
3.862500000000000000e+04 6.938302206117441528e-02
3.868500000000000000e+04 6.290115978754329262e-02
3.874500000000000000e+04 5.238583515574646299e-02
3.880500000000000000e+04 5.083676548247240135e-02
3.886500000000000000e+04 5.525367079690113314e-02
3.892500000000000000e+04 3.863627385499057709e-02
3.898500000000000000e+04 3.098430014370023855e-02
3.904500000000000000e+04 2.929747790130932117e-02
3.910500000000000000e+04 3.557553812061087228e-02
3.916500000000000000e+04 2.881821456139732618e-02
3.922500000000000000e+04 1.902524376600922551e-02
3.928500000000000000e+04 1.919636506272581755e-02
3.934500000000000000e+04 2.533132058124465402e-02
3.940500000000000000e+04 1.742985525788753876e-02
3.946500000000000000e+04 -1.050828315101171029e-02
3.952500000000000000e+04 -3.948334406186404522e-02
3.958500000000000000e+04 -5.049557405482119066e-02
3.964500000000000000e+04 -5.354521686331281671e-02
3.970500000000000000e+04 -4.663251336569373962e-02
3.976500000000000000e+04 -3.575770157794977422e-02
3.982500000000000000e+04 -2.492101664438450825e-02
3.988500000000000000e+04 -6.122690831034560688e-03
3.994500000000000000e+04 2.563704648446218926e-02
4.000500000000000000e+04 6.435796881987698725e-02
4.006500000000000000e+04 6.803985259421096998e-02
4.012500000000000000e+04 4.068247713530581677e-02
4.018500000000000000e+04 4.528562468931340845e-02
4.024500000000000000e+04 9.884908042522511096e-02
4.030500000000000000e+04 1.283726324404597108e-01
4.036500000000000000e+04 9.485607177066412987e-02
4.042500000000000000e+04 2.129919239177979762e-02
4.048500000000000000e+04 -3.029820877100064536e-02
4.054500000000000000e+04 -4.293633183806377929e-02
4.060500000000000000e+04 -4.761537397189385956e-02
4.066500000000000000e+04 -7.433552936663545552e-02
4.072500000000000000e+04 -1.080969892504981544e-01
4.078500000000000000e+04 -1.388999418745697767e-01
4.084500000000000000e+04 -1.437445725114230299e-01
4.090500000000000000e+04 -1.116310634479305008e-01
4.096500000000000000e+04 -6.455959398363120272e-02
4.102500000000000000e+04 -3.953034042524450342e-02
4.108500000000000000e+04 -4.454347608270836645e-02
4.114500000000000000e+04 -4.659917126673462917e-02
4.120500000000000000e+04 -3.269759328304644441e-02
4.126500000000000000e+04 -2.183890642982078134e-02
4.132500000000000000e+04 -7.023271996331459377e-03
4.138500000000000000e+04 2.774915174131820095e-02
4.144500000000000000e+04 4.847820952454640064e-02
4.150500000000000000e+04 3.216374911107777734e-02
4.156500000000000000e+04 6.805621281273488421e-03
4.162500000000000000e+04 -5.963201610938995145e-04
4.168500000000000000e+04 -7.042218388050969224e-03
4.174500000000000000e+04 -4.653221354419656564e-02
4.180500000000000000e+04 -8.906644274657082860e-02
4.186500000000000000e+04 -1.016450400825306133e-01
4.192500000000000000e+04 -8.526813660591869848e-02
4.198500000000000000e+04 -4.893586033949759440e-02
4.204500000000000000e+04 -2.664833627250118298e-02
4.210500000000000000e+04 -2.840568636202078778e-02
4.216500000000000000e+04 -3.220802952864687541e-02
4.222500000000000000e+04 9.445183422940317541e-04
4.228500000000000000e+04 2.705184439719232614e-02
4.234500000000000000e+04 -8.861611768224975094e-04
4.240500000000000000e+04 -1.786960516483304673e-02
4.246500000000000000e+04 4.910140868651069468e-02
4.252500000000000000e+04 7.902677966649207519e-02
4.258500000000000000e+04 1.190641009134196793e-02
4.264500000000000000e+04 -2.425979468353034463e-02
4.270500000000000000e+04 3.052807372205279535e-02
4.276500000000000000e+04 3.726992672409323859e-02
4.282500000000000000e+04 -4.034321236758842133e-03
4.288500000000000000e+04 1.561524730868768529e-02
4.294500000000000000e+04 5.621855285562560312e-02
4.300500000000000000e+04 2.777551892086194130e-02
4.306500000000000000e+04 -1.371392795726933400e-02
4.312500000000000000e+04 -8.249858220096939476e-03
4.318500000000000000e+04 1.616766070901576313e-02
4.324500000000000000e+04 3.553856441658354015e-02
4.330500000000000000e+04 2.886279150288828532e-02
4.336500000000000000e+04 1.514028357860297547e-02
4.342500000000000000e+04 5.237098525640249136e-02
4.348500000000000000e+04 7.355484415211321902e-02
4.354500000000000000e+04 3.069181088221739628e-02
4.360500000000000000e+04 -7.218160943921247963e-03
4.366500000000000000e+04 -1.017511472355181468e-02
4.372500000000000000e+04 -2.017909086816871422e-02
4.378500000000000000e+04 -4.723012680233296123e-02
4.384500000000000000e+04 -8.232825697496082284e-02
4.390500000000000000e+04 -9.347351285668992205e-02
4.396500000000000000e+04 -4.166592294768634019e-02
4.402500000000000000e+04 4.094487213933462044e-03
4.408500000000000000e+04 -1.719230494200019166e-02
4.414500000000000000e+04 -2.052631903370638611e-02
4.420500000000021828e+04 3.509242827294656308e-02
4.426500000000000000e+04 6.066392325828928733e-02
4.432500000000000000e+04 3.818815514250673004e-02
4.438500000000000000e+04 8.665116083648172207e-03
4.444500000000000000e+04 2.609480116689155693e-02
4.450500000000000000e+04 7.047720840137117193e-02
4.456500000000000000e+04 7.281233871435688343e-02
4.462500000000000000e+04 7.210019594504046836e-02
4.468500000000000000e+04 8.934078683887491934e-02
4.474500000000000000e+04 5.653412103765731445e-02
4.480500000000000000e+04 2.868021107769891387e-02
4.486500000000000000e+04 6.877907238049374428e-02
4.492500000000000000e+04 7.983072324714157730e-02
4.498500000000000000e+04 3.883518484963133233e-02
4.504500000000000000e+04 1.179248122525677900e-02
4.510500000000000000e+04 -1.729736072957166471e-02
4.516500000000000000e+04 -3.643431127102303435e-02
4.522500000000000000e+04 -2.761833780868983013e-02
4.528500000000000000e+04 -4.184940492132227519e-02
4.534500000000000000e+04 -7.912747435648270766e-02
4.540500000000000000e+04 -9.045250504323121277e-02
4.546500000000000000e+04 -7.982445310108232661e-02
4.552500000000000000e+04 -6.024327184331923490e-02
4.558500000000000000e+04 -6.370891179085447220e-02
4.564500000000000000e+04 -6.822132067645725328e-02
4.570500000000000000e+04 -1.078044345558737405e-02
4.576500000000000000e+04 -2.386222312907193555e-03
4.582500000000000000e+04 -3.103859667407959932e-02
4.588500000000000000e+04 4.262496785941038979e-03
4.594500000000000000e+04 3.351712413814311731e-02
4.600500000000000000e+04 2.072535418346888036e-02
4.606500000000000000e+04 3.388725844888540450e-02
4.612500000000000000e+04 3.900291117452070466e-02
4.618500000000000000e+04 2.107238930693711154e-02
4.624500000000000000e+04 2.309577248706773389e-02
4.630500000000000000e+04 2.607314304168539820e-02
4.636500000000000000e+04 5.800458597377655678e-02
4.642500000000000000e+04 7.889018895184563007e-02
4.648500000000000000e+04 4.073004229940124787e-02
4.654500000000000000e+04 4.452423898328561336e-02
4.660500000000000000e+04 7.627287460900333826e-02
4.666500000000000000e+04 4.797604740542738000e-02
4.672500000000000000e+04 -7.366141788679669844e-03
4.678500000000000000e+04 2.246410473617288517e-03
4.684500000000000000e+04 4.781381022894493071e-02
4.690500000000000000e+04 3.233616609395539854e-02
4.696500000000000000e+04 -9.186410741676809266e-03
4.702500000000000000e+04 -1.575380653366664774e-02
4.708500000000000000e+04 -3.536590498424629914e-02
4.714500000000000000e+04 -2.402258726488071261e-02
4.720500000000000000e+04 1.027626798031633371e-02
4.726500000000000000e+04 -5.546921538007154595e-02
4.732500000000000000e+04 -8.225891097436033306e-02
4.738500000000000000e+04 -3.809268994427839061e-02
4.744500000000000000e+04 -6.797042095286087715e-02
4.750500000000000000e+04 -7.089197019558923785e-02
4.756500000000000000e+04 -2.685720141744241118e-02
4.762500000000000000e+04 -4.186597592115504085e-02
4.768500000000000000e+04 -1.691815257800044492e-02
4.774500000000000000e+04 1.798641215509633184e-02
4.780500000000000000e+04 -1.515213577749818796e-02
4.786500000000000000e+04 -1.233364803465519799e-02
4.792500000000000000e+04 1.044202609955391381e-02
4.798500000000000000e+04 -1.582496029186586384e-02
4.804500000000000000e+04 -2.813445177343965042e-02
4.810500000000000000e+04 -3.748629056963181938e-02
4.816500000000000000e+04 -6.088031657827741583e-02
4.822500000000000000e+04 -5.631636738326051272e-02
4.828500000000000000e+04 -2.979427826994651696e-02
4.834500000000000000e+04 5.686117764525988605e-03
4.840500000000000000e+04 1.012498999534727773e-02
4.846500000000000000e+04 3.522509959111630451e-03
4.852500000000000000e+04 1.087885143624589546e-02
4.858500000000000000e+04 2.319419044033566024e-02
4.864500000000000000e+04 3.246870520433731144e-02
4.870500000000000000e+04 1.470257616347225849e-02
4.876500000000000000e+04 8.895985945855500177e-03
4.882500000000000000e+04 -5.950880645741563058e-03
4.888500000000000000e+04 -3.583783664635120658e-02
4.894500000000000000e+04 1.523530705799203133e-02
4.900500000000000000e+04 7.426874171278541326e-02
4.906500000000000000e+04 6.826266068583208835e-02
4.912500000000000000e+04 6.521725944321588031e-02
4.918500000000000000e+04 6.213273554976694868e-02
4.924500000000000000e+04 6.500928863715671469e-02
4.930500000000000000e+04 6.284712040314843762e-02
4.936500000000000000e+04 5.064643458808859577e-02
4.942500000000000000e+04 5.140743696301797172e-02
4.948500000000000000e+04 1.130335316247510491e-03
4.954500000000000000e+04 -4.818466056576653500e-02
4.960500000000000000e+04 -1.753733890882358537e-02
4.966500000000000000e+04 -3.292748596913952497e-02
4.972500000000000000e+04 -7.335488605031059706e-02
4.978500000000000000e+04 -5.781932151330693159e-02
4.984500000000000000e+04 -3.632057279810396722e-02
4.990500000000000000e+04 -3.185841843423986575e-02
4.996500000000000000e+04 -2.243263505806680769e-02
5.002500000000000000e+04 9.570025681568949949e-04
5.008500000000000000e+04 -2.689278453090082621e-03
5.014500000000000000e+04 -2.937124917662004009e-02
5.020500000000000000e+04 -4.508867882486811141e-02
5.026500000000000000e+04 -4.584133480784657877e-02
5.032500000000000000e+04 -1.162898273742030142e-02
5.038500000000000000e+04 3.054861355349203222e-02
5.044500000000000000e+04 1.169169200147734955e-02
5.050500000000000000e+04 9.800492290196416434e-03
5.056500000000000000e+04 1.887525583697424736e-02
5.062500000000000000e+04 6.916225773693440715e-03
5.068500000000000000e+04 2.392364693741910742e-02
5.074500000000000000e+04 4.089776584169158014e-02
5.080500000000000000e+04 1.883883067466740613e-02
5.086500000000000000e+04 2.474709126954621752e-02
5.092500000000000000e+04 3.762279909642529674e-02
5.098500000000000000e+04 3.346620724141757819e-02
5.104500000000000000e+04 1.927757039220523438e-02
5.110500000000000000e+04 -2.942855180208425736e-03
5.116500000000000000e+04 4.380518836023838958e-02
5.122500000000000000e+04 3.352196040259514120e-02
5.128500000000000000e+04 -3.279227813527541002e-02
5.134500000000000000e+04 1.086273518603775301e-02
5.140500000000000000e+04 1.248726429867019760e-02
5.146500000000000000e+04 -4.991842538174751098e-02
5.152500000000000000e+04 -8.354066972515283851e-03
5.158500000000000000e+04 -1.981939214647354675e-02
5.164500000000000000e+04 -6.031413114669703646e-02
5.170500000000000000e+04 -3.283801280304032844e-02
5.176500000000000000e+04 -5.139076455088797957e-02
5.182500000000000000e+04 -6.197211244671052555e-02
5.188500000000000000e+04 -4.358178119036892895e-02
5.194500000000000000e+04 -5.121949413432957954e-02
5.200500000000000000e+04 -2.888497331014150404e-02
5.206500000000000000e+04 -6.577939439921465237e-03
5.212500000000000000e+04 7.018880419309425633e-04
5.218500000000000000e+04 3.695479097450515837e-02
5.224500000000000000e+04 1.718105245117840241e-02
5.230500000000000000e+04 1.338095679966500029e-02
5.236500000000000000e+04 4.555478956763181486e-02
5.242500000000000000e+04 2.670283750239832443e-02
5.248500000000000000e+04 2.982538853439109516e-02
5.254500000000000000e+04 1.492273175836089649e-02
5.260500000000000000e+04 1.995157415421999758e-03
5.266500000000000000e+04 -1.295704312542511616e-02
5.272500000000000000e+04 -2.293357738381018862e-02
5.278500000000000000e+04 -9.341517866232607048e-04
5.284500000000000000e+04 -1.895847168907494051e-02
5.290499999999978172e+04 3.993758611159137217e-03
5.296500000000000000e+04 2.392283585459153983e-02
5.302500000000000000e+04 2.882905779915745370e-02
5.308500000000000000e+04 5.771272320544085233e-02
5.314500000000000000e+04 2.657413181532319868e-02
5.320500000000000000e+04 5.441358433654386317e-02
5.326500000000000000e+04 7.823138242019922473e-02
5.332500000000000000e+04 5.102782864742039237e-02
5.338500000000000000e+04 4.780322650731250178e-02
5.344500000000000000e+04 2.255788037791717215e-02
5.350500000000000000e+04 5.529209551195890526e-02
5.356500000000000000e+04 2.100617801306725596e-02
5.362500000000000000e+04 -1.829956517804021132e-02
5.368500000000000000e+04 2.237517369167107972e-02
5.374500000000000000e+04 -5.969296823877812130e-03
5.380500000000000000e+04 -6.332667391234281240e-03
5.386500000000000000e+04 -1.271462792010424891e-02
5.392500000000000000e+04 -1.611486757610691711e-02
5.398500000000000000e+04 -3.153307480488365400e-02
5.404500000000000000e+04 -6.396893734563491307e-02
5.410500000000000000e+04 -2.442214225220595836e-02
5.416500000000000000e+04 -5.189237591457640519e-02
5.422500000000000000e+04 -4.437932407290645642e-02
5.428500000000000000e+04 -1.988267184015057865e-02
5.434500000000000000e+04 -6.402103718301077606e-03
5.440500000000000000e+04 3.706269638041703729e-02
5.446500000000000000e+04 4.751204511649120832e-02
5.452500000000000000e+04 4.494625970392007730e-02
5.458500000000000000e+04 3.136565789100131951e-02
5.464500000000000000e+04 2.877055793942417949e-02
5.470500000000000000e+04 4.816127860749475076e-02
5.476500000000000000e+04 1.853813913339763531e-02
5.482500000000000000e+04 2.901459211898327339e-03
5.488500000000000000e+04 7.251558975440275390e-03
5.494500000000000000e+04 2.458875897991674719e-02
5.500500000000000000e+04 2.791338017823363771e-02
5.506500000000000000e+04 2.257439114146109205e-04
5.512500000000000000e+04 1.852617187751093297e-02
5.518500000000000000e+04 6.814986122662958223e-03
5.524500000000000000e+04 1.092509016416443046e-03
5.530500000000000000e+04 -2.364093676578704617e-02
5.536500000000000000e+04 -5.638502826195690432e-02
5.542500000000000000e+04 -5.813944224155420670e-02
5.548500000000000000e+04 -1.079038552252313821e-01
5.554500000000000000e+04 -8.567794350483382004e-02
5.560500000000000000e+04 -8.946138316332508111e-02
5.566500000000000000e+04 -1.072538500898190250e-01
5.572500000000000000e+04 -8.105502000171327381e-02
5.578500000000000000e+04 -8.786456846382861841e-02
5.584500000000000000e+04 -5.068217090911275591e-02
5.590500000000000000e+04 -8.150750265394890448e-02
5.596500000000000000e+04 -7.534023891730612377e-02
5.602500000000000000e+04 -1.418005484538298333e-02
5.608500000000000000e+04 -2.002662552376932581e-02
5.614500000000000000e+04 6.120373996509442804e-03
5.620500000000000000e+04 -8.738731312860181788e-03
5.626500000000000000e+04 1.439638351757821511e-02
5.632500000000000000e+04 3.852604343728671665e-02
5.638500000000000000e+04 3.265057336147947353e-02
5.644500000000000000e+04 4.977029814199340763e-02
5.650500000000000000e+04 2.588554255771668977e-02
5.656500000000000000e+04 5.899663129321197630e-02
5.662500000000000000e+04 7.410388891321417759e-02
5.668500000000000000e+04 5.320763985264420626e-02
5.674500000000000000e+04 8.330820839137231815e-02
5.680500000000000000e+04 7.540591863971712883e-02
5.686500000000000000e+04 6.650109451220487244e-02
5.692500000000000000e+04 6.059405971654996392e-02
5.698500000000000000e+04 5.268513773080485407e-02
5.704500000000000000e+04 5.977465178284546710e-02
5.710500000000000000e+04 5.186292483676879783e-02
5.716500000000000000e+04 -1.049720437094947556e-03
5.722500000000000000e+04 -2.962961664252361516e-03
5.728500000000000000e+04 -1.087647680515146931e-02
5.734500000000000000e+04 -3.378994415470515378e-02
5.740500000000000000e+04 1.929695762328265118e-02
5.746500000000000000e+04 3.384549486327159684e-03
5.752500000000000000e+04 7.473151992144266842e-03
5.758500000000000000e+04 2.956308527745932224e-02
5.764500000000000000e+04 -3.134533096044833655e-02
5.770500000000000000e+04 -9.251777480130840559e-03
5.776500000000000000e+04 -1.915593551484562340e-02
5.782500000000000000e+04 -4.105748679512544186e-02
5.788500000000000000e+04 -3.895611356529116165e-02
5.794500000000000000e+04 -3.985149860227465979e-02
5.800500000000000000e+04 -2.674332523429256980e-02
5.806500000000000000e+04 -3.663127735944726737e-02
5.812500000000000000e+04 -1.151503946539378376e-02
5.818500000000000000e+04 -1.439429664924318786e-02
5.824500000000000000e+04 -2.126873463157608057e-02
5.830500000000000000e+04 -1.138039781835686881e-03
5.836500000000000000e+04 -1.200189913151916699e-02
5.842500000000000000e+04 -9.860000394837697968e-03
5.848500000000000000e+04 -1.871203198879811680e-02
5.854500000000000000e+04 -3.555768304977391381e-02
5.860500000000000000e+04 -1.139664345282653812e-02
5.866500000000000000e+04 -1.822860382844737615e-02
5.872500000000000000e+04 9.946744414719432825e-03
5.878500000000000000e+04 2.512970907446288038e-02
5.884500000000000000e+04 3.432059713531998568e-02
5.890500000000000000e+04 2.151971475223035668e-02
5.896500000000000000e+04 2.172736722923218622e-02
5.902500000000000000e+04 3.194385900269480771e-02
5.908500000000000000e+04 -9.830506377056735801e-03
5.914500000000000000e+04 3.440457373289973475e-02
5.920500000000000000e+04 4.649401057577051688e-03
5.926500000000000000e+04 5.904276374167238828e-03
5.932500000000000000e+04 6.169499506086140173e-03
5.938500000000000000e+04 -1.355463070422047167e-02
5.944500000000000000e+04 -2.026781640915942262e-02
5.950500000000000000e+04 -5.896976077656290727e-02
5.956500000000000000e+04 -2.466016800417492050e-02
5.962500000000021828e+04 -2.733874334307984100e-02
5.968500000000000000e+04 -3.700519311223615659e-02
5.974500000000000000e+04 -4.165922471338490141e-02
5.980500000000000000e+04 -2.430054665683201165e-02
5.986500000000000000e+04 -3.192886857368648634e-02
5.992500000000000000e+04 -2.854390123457051232e-02
5.998500000000000000e+04 -3.014535657075612107e-02
6.004500000000000000e+04 -3.173294768430423574e-02
6.010500000000000000e+04 -3.830638887711756979e-02
6.016500000000000000e+04 4.134604342652892228e-03
6.022500000000000000e+04 -8.409684764046687633e-03
6.028500000000000000e+04 1.806102581394952722e-02
6.034500000000000000e+04 3.954701682823724695e-02
6.040500000000000000e+04 -9.514322541690489743e-04
6.046500000000000000e+04 5.956595673569609062e-02
6.052500000000000000e+04 3.909946064914038288e-02
6.058500000000000000e+04 4.464935500072897412e-02
6.064500000000000000e+04 4.321591395773793920e-02
6.070500000000000000e+04 3.079941031546695740e-02
