-5.295000000000000000e+03 2.801477430693921633e-04
-5.235000000000000000e+03 2.092864551741513424e-04
-5.175000000000000000e+03 -1.881782854070479516e-03
-5.115000000000000000e+03 -9.928875697369221598e-04
-5.055000000000000000e+03 -1.238544191437540576e-04
-4.995000000000109139e+03 -1.274509510949428659e-03
-4.935000000000109139e+03 -4.446783668754505925e-04
-4.875000000000109139e+03 -1.634185942748445086e-03
-4.815000000000109139e+03 -1.842856669100001454e-03
-4.755000000000109139e+03 -2.070514473416551482e-03
-4.694999999999890861e+03 -1.316982804382860195e-03
-4.694999999999890861e+03 -1.316982805292354897e-03
-4.634999999999890861e+03 -5.820846781716682017e-04
-4.574999999999890861e+03 -1.865642678239964880e-03
-4.514999999999890861e+03 -1.167479005744098686e-03
-4.454999999999890861e+03 -1.487415498559130356e-03
-4.395000000000000000e+03 -1.825273653594194911e-03
-4.335000000000000000e+03 -1.180874654892249964e-03
-4.275000000000000000e+03 -2.554039400820329320e-03
-4.215000000000000000e+03 -2.944588526588631794e-03
-4.155000000000000000e+03 -2.352342436097387690e-03
-4.095000000000000000e+03 -3.777121305574837606e-03
-4.035000000000000000e+03 -3.218745135200151708e-03
-3.975000000000000000e+03 -3.677033751955605112e-03
-3.915000000000000000e+03 -4.151806838308402803e-03
-3.855000000000000000e+03 -4.642883955057186540e-03
-3.795000000000109139e+03 -5.150084565684664994e-03
-3.795000000000109139e+03 -5.150084565684664994e-03
-3.735000000000109139e+03 -4.673228051615296863e-03
-3.675000000000109139e+03 -5.212133742134028580e-03
-3.615000000000109139e+03 -5.766620921349385753e-03
-3.555000000000109139e+03 -7.336508865591895301e-03
-3.494999999999890861e+03 -6.921616853105660994e-03
-3.434999999999890861e+03 -6.521764184071798809e-03
-3.374999999999890861e+03 -7.136770203032938298e-03
-3.314999999999890861e+03 -7.766454315060400404e-03
-3.254999999999890861e+03 -7.410636007989523932e-03
-3.195000000000000000e+03 -8.069134866673266515e-03
-3.135000000000000000e+03 -8.741770591768727172e-03
-3.075000000000000000e+03 -8.428363020357210189e-03
-3.015000000000000000e+03 -9.128732139288331382e-03
-2.955000000000000000e+03 -9.842698103057045955e-03
-2.895000000000000000e+03 -9.570081249876238871e-03
-2.895000000000000000e+03 -8.570081249672512058e-03
-2.835000000000000000e+03 -1.031070212320628343e-02
-2.775000000000000000e+03 -1.006438147578592179e-02
-2.715000000000000000e+03 -9.830940301071677823e-03
-2.655000000000000000e+03 -9.610199834241939243e-03
-2.595000000000109139e+03 -9.401981576047546696e-03
-2.535000000000109139e+03 -1.020610729756299406e-02
-2.475000000000109139e+03 -1.002239906938484637e-02
-2.415000000000109139e+03 -9.850679263763595372e-03
-2.355000000000109139e+03 -1.169077057329559466e-02
-2.294999999999890861e+03 -1.154249601586343488e-02
-2.234999999999890861e+03 -1.140567896709399065e-02
-2.174999999999890861e+03 -1.128014315145264845e-02
-2.114999999999890861e+03 -1.116571266538812779e-02
-2.054999999999890861e+03 -1.006221199713763781e-02
-1.995000000000000000e+03 -1.096946601592208026e-02
-1.935000000000000000e+03 -1.088730000992654823e-02
-1.875000000000000000e+03 -1.181553968126536347e-02
-1.815000000000000000e+03 -1.175401115779095562e-02
-1.755000000000000000e+03 -1.170254101907630684e-02
-1.695000000000000000e+03 -1.166095628377661342e-02
-1.635000000000000000e+03 -1.162908444075583247e-02
-1.575000000000000000e+03 -1.060675344433548162e-02
-1.515000000000000000e+03 -1.159379173805064056e-02
-1.455000000000000000e+03 -1.059002825331845088e-02
-1.395000000000109139e+03 -1.159529242158896523e-02
-1.335000000000109139e+03 -1.260941418604488717e-02
-1.275000000000109139e+03 -1.263222401030361652e-02
-1.215000000000109139e+03 -1.266355288771592313e-02
-1.155000000000109139e+03 -1.270323234530223999e-02
-1.094999999999890861e+03 -1.275109445577982115e-02
-1.034999999999890861e+03 -1.380697184868040495e-02
-9.749999999998908606e+02 -1.287069771115056938e-02
-9.149999999998908606e+02 -1.394210580474464223e-02
-8.549999999998908606e+02 -1.302103045964031480e-02
-7.950000000000000000e+02 -1.410730659699765965e-02
-7.350000000000000000e+02 -1.220076972822425887e-02
-6.750000000000000000e+02 -1.330125595632125624e-02
-6.150000000000000000e+02 -1.440860199818416731e-02
-5.550000000000000000e+02 -1.352264518027368467e-02
-4.950000000000000000e+02 -1.364322344124957453e-02
-4.350000000000000000e+02 -1.377017534832702950e-02
-3.750000000000000000e+02 -1.390334009556681849e-02
-3.150000000000000000e+02 -1.504255752206518082e-02
-2.550000000000000000e+02 -1.418766809183580335e-02
-1.950000000001091394e+02 -1.433851292767940322e-02
-1.350000000001091394e+02 -1.449493380732747028e-02
-7.500000000010913936e+01 -1.465677315263747005e-02
-1.500000000010913936e+01 -1.582387406051566359e-02
4.499999999989086064e+01 -3.996080290562531445e-03
4.499999999989086064e+01 -1.799608028977672802e-02
4.499999999989086064e+01 -1.099608029016962973e-02
4.499999999989086064e+01 2.400391970968485111e-02
4.499999999989086064e+01 -8.996080289762176108e-03
1.050000000001091394e+02 -1.217323626769939438e-02
1.050000000001091394e+02 -1.017323626820143545e-02
1.050000000001091394e+02 -4.017323626794677693e-02
1.050000000001091394e+02 -1.917323626821598737e-02
1.050000000001091394e+02 1.982676373245340073e-02
1.650000000001091394e+02 -6.135518710379983531e-02
1.650000000001091394e+02 -8.355187104825745337e-03
1.650000000001091394e+02 7.264481289621471660e-02
1.650000000001091394e+02 7.264481289621471660e-02
1.650000000001091394e+02 7.264481289621471660e-02
2.250000000001091394e+02 8.458221412183775101e-03
2.250000000001091394e+02 2.994582214123511221e-01
2.250000000001091394e+02 -3.385417785875688423e-01
2.250000000001091394e+02 -9.541778587845328730e-03
2.250000000001091394e+02 8.345822141200187616e-02
2.850000000001091394e+02 1.526714281408203533e-02
3.450000000001091394e+02 -5.992827006502920995e-02
4.050000000000000000e+02 7.872134923673002049e-03
4.650000000000000000e+02 2.668509226168680470e-03
5.250000000000000000e+02 -3.653899640448798891e-02
5.850000000000000000e+02 -1.750231923324463423e-03
6.450000000000000000e+02 -7.096504799301328603e-02
7.050000000000000000e+02 -2.018329598558921134e-02
7.650000000000000000e+02 6.659517201660491992e-02
8.250000000000000000e+02 5.837050320951675531e-02
8.850000000000000000e+02 -5.985715592396445572e-02
9.450000000000000000e+02 5.591234037183312466e-02
1.004999999999890861e+03 -4.732086287367565092e-02
1.064999999999890861e+03 -7.855662134443264222e-02
1.124999999999890861e+03 -4.579479147105303127e-02
1.184999999999890861e+03 -2.003523040639265673e-02
1.244999999999890861e+03 -6.027779603846283862e-02
1.305000000000109139e+03 -1.752234699142718455e-02
1.365000000000109139e+03 5.523125737272494007e-02
1.425000000000109139e+03 -1.601684304750961019e-02
1.485000000000109139e+03 -3.926650909397721989e-02
1.545000000000109139e+03 3.848239764647587435e-02
1.605000000000000000e+03 -3.476998515816376312e-02
1.665000000000000000e+03 -3.902352058048563777e-02
1.725000000000000000e+03 -2.027807244667201303e-02
1.785000000000000000e+03 3.046649466887174640e-02
1.845000000000000000e+03 -5.978968455019639805e-02
1.905000000000000000e+03 -2.604647618045419222e-02
1.965000000000000000e+03 -2.930374704737914726e-02
2.025000000000000000e+03 2.943863527161738602e-02
2.085000000000000000e+03 -2.281919755023409380e-02
2.145000000000000000e+03 -5.807711460329301190e-02
2.204999999999890861e+03 4.566501427234470611e-02
2.264999999999890861e+03 -2.859268151951255277e-02
2.324999999999890861e+03 8.149926666192186531e-03
2.384999999999890861e+03 -4.510703327741794055e-02
2.444999999999890861e+03 -1.336343422008212656e-02
2.505000000000109139e+03 -1.561914978628919926e-02
2.565000000000109139e+03 -3.787405435559776379e-02
2.625000000000109139e+03 2.287197692749032285e-02
2.685000000000109139e+03 -3.638093183326418512e-02
2.745000000000109139e+03 -2.563265729804697912e-02
2.805000000000000000e+03 2.711692311822844204e-02
2.865000000000000000e+03 -1.013206875541072804e-02
2.925000000000000000e+03 -3.637951185464771697e-02
2.985000000000000000e+03 1.637471412959712325e-02
3.045000000000000000e+03 -5.386927124891371932e-02
3.105000000000000000e+03 -1.113492007789318450e-04
3.165000000000000000e+03 8.648598313811817206e-03
3.225000000000000000e+03 7.410688572235812899e-03
3.285000000000000000e+03 -1.882496190773963463e-02
3.345000000000000000e+03 3.941762644899426959e-03
3.404999999999890861e+03 1.157109772375406465e-01
3.464999999999890861e+03 1.144827961197734112e-01
3.524999999999890861e+03 1.952573327935169800e-01
3.584999999999890861e+03 2.890347000020483392e-01
3.644999999999890861e+03 3.238150097358811763e-01
3.705000000000109139e+03 3.715983732290624175e-01
3.765000000000109139e+03 4.873849009672994725e-01
3.825000000000109139e+03 6.101747026841621846e-01
3.885000000000109139e+03 6.599678873571974691e-01
3.945000000000109139e+03 5.607645632171625039e-01
4.005000000000000000e+03 3.435648377462712233e-01
4.065000000000000000e+03 2.083688176726354868e-01
4.125000000000000000e+03 1.711766089829325210e-01
4.185000000000000000e+03 2.079883169135428034e-01
4.245000000000000000e+03 1.148040459520416334e-01
4.305000000000000000e+03 -4.837610015783866402e-02
4.365000000000000000e+03 -1.655520184121996863e-01
4.425000000000000000e+03 -2.267236065617908025e-01
4.485000000000000000e+03 -2.478907630866160616e-01
4.545000000000000000e+03 -2.680533872189698741e-01
4.604999999999890861e+03 -2.092113789276481839e-01
4.664999999999890861e+03 -1.353646389206915046e-01
4.724999999999890861e+03 -1.655130686440315912e-01
4.784999999999890861e+03 -1.206565702859734301e-01
4.844999999999890861e+03 -7.379504676828219090e-02
4.905000000000109139e+03 -2.592840174747834681e-02
4.965000000000109139e+03 -4.205653961616917513e-02
5.025000000000109139e+03 1.982063449850102188e-02
5.085000000000109139e+03 8.870321474114462035e-02
5.145000000000109139e+03 -1.740870547928352607e-02
5.205000000000000000e+03 3.484966515316045843e-03
5.265000000000000000e+03 -1.961567732087132754e-02
5.325000000000000000e+03 -8.071054576976166572e-02
5.385000000000000000e+03 -6.879954833038937068e-02
5.445000000000000000e+03 6.117404762335354462e-03
5.505000000000000000e+03 -6.595959744390711421e-02
5.565000000000000000e+03 -7.703046662845736137e-02
5.625000000000000000e+03 -6.709511519238731125e-02
5.685000000000000000e+03 -3.615345625985355582e-02
5.745000000000000000e+03 -6.620540367566718487e-02
5.804999999999890861e+03 -9.325087199977133423e-02
5.864999999999890861e+03 -7.828977651661261916e-02
5.924999999999890861e+03 -7.132203322180430405e-02
5.984999999999890861e+03 -8.834755883162870305e-02
6.044999999999890861e+03 -8.536627077592129353e-02
6.105000000000109139e+03 -7.037808719815075165e-02
6.165000000000109139e+03 -7.338292695567361079e-02
6.225000000000109139e+03 -5.738070961524499580e-02
6.285000000000109139e+03 -8.537135545702767558e-02
6.345000000000109139e+03 -1.123547854722346528e-01
6.405000000000000000e+03 -5.133092135747574503e-02
6.465000000000000000e+03 -5.629968551602360094e-02
6.525000000000000000e+03 -3.526100106410012813e-02
6.585000000000000000e+03 3.785208179579058196e-03
6.645000000000000000e+03 -2.160982306122605223e-03
6.705000000000000000e+03 -7.099497749550209846e-03
6.765000000000000000e+03 8.969735918981314171e-03
6.825000000000000000e+03 5.104679206942819292e-02
6.885000000000000000e+03 1.131743365476722829e-03
6.945000000000000000e+03 2.422466177631577011e-02
7.004999999999890861e+03 1.832561856917891419e-02
7.064999999999890861e+03 5.843468431430665078e-02
7.124999999999890861e+03 3.555192888052260969e-02
7.184999999999890861e+03 -1.832257855403440772e-02
7.244999999999890861e+03 -3.018876951227866812e-02
7.305000000000109139e+03 -4.404657620489160763e-02
7.365000000000109139e+03 -3.895931547049258370e-03
7.425000000000109139e+03 5.926323085986950900e-02
7.485000000000109139e+03 1.243097672067960957e-02
7.545000000000109139e+03 -2.339262895020510769e-02
7.605000000000000000e+03 -3.320752183299191529e-02
7.665000000000000000e+03 -5.401363829696492758e-02
7.725000000000000000e+03 -6.681091540121997241e-02
7.785000000000000000e+03 -2.059929089045908768e-02
7.845000000000000000e+03 2.662129679538338678e-02
7.905000000000000000e+03 6.850908538581279572e-03
7.965000000000000000e+03 -6.191039547866239445e-02
8.025000000000000000e+03 -6.266255574882961810e-02
8.085000000000000000e+03 -3.540551345668063732e-02
8.145000000000000000e+03 -1.613921046919131186e-02
8.204999999999890861e+03 -4.686358934031886747e-02
8.264999999999890861e+03 -5.857859330717474222e-02
8.324999999999890861e+03 -4.528416629182174802e-02
8.384999999999890861e+03 -3.098025290091754869e-02
8.444999999999890861e+03 -2.266679841432051035e-02
8.505000000000109139e+03 -1.834374881218536757e-02
8.565000000000109139e+03 -4.011050736153265461e-03
8.625000000000109139e+03 -4.366865152587706689e-02
8.685000000000109139e+03 -8.131649919596384279e-02
8.745000000000109139e+03 -4.295454243765561841e-02
8.805000000000000000e+03 -6.558273063001252012e-02
8.865000000000000000e+03 -6.120101382839493454e-02
8.925000000000000000e+03 -3.980934276751213474e-02
8.985000000000000000e+03 -3.340766886503843125e-02
9.045000000000000000e+03 -6.199594421650544973e-02
9.105000000000000000e+03 -4.657412159394880291e-02
9.165000000000000000e+03 -8.814215445090667345e-02
9.225000000000000000e+03 -6.669999691985140089e-02
9.285000000000000000e+03 -4.824760381234227680e-02
9.345000000000000000e+03 -6.578493061442713952e-02
9.404999999999890861e+03 -5.631193349381646840e-02
9.464999999999890861e+03 -4.982856930109846871e-02
9.524999999999890861e+03 -5.133479555661324412e-02
9.584999999999890861e+03 -5.983057045978057431e-02
9.644999999999890861e+03 -6.531585289394570282e-02
9.705000000000109139e+03 -6.579060241620027227e-02
9.765000000000109139e+03 -5.725477926080202451e-02
9.825000000000109139e+03 -4.670834434455173323e-02
9.885000000000109139e+03 -3.415125925766915316e-02
9.945000000000109139e+03 -1.758348627117811702e-02
1.000500000000000000e+04 -1.900498833310848568e-02
1.006500000000000000e+04 -2.341572907062072773e-02
1.012500000000000000e+04 4.184327211078198161e-03
1.018500000000000000e+04 1.379521552735241130e-02
1.024500000000000000e+04 1.241697021760046482e-02
1.030500000000000000e+04 -1.950375060005171690e-03
1.036500000000000000e+04 -9.306787329478538595e-03
1.042500000000000000e+04 -4.652234285458689556e-03
1.048500000000000000e+04 2.013315687690919731e-03
1.054500000000000000e+04 1.068989353370852768e-02
1.060499999999989086e+04 1.837752951178117655e-02
1.066499999999989086e+04 3.107625320353690768e-02
1.072499999999989086e+04 3.378609351148043061e-02
1.078499999999989086e+04 2.150707864711876027e-02
1.084499999999989086e+04 6.923923615431704093e-02
1.090500000000010914e+04 4.898259288529516198e-02
1.096500000000010914e+04 6.373717501901410287e-02
1.102500000000010914e+04 3.950300804172002245e-02
1.108500000000010914e+04 3.428011676533060381e-02
1.114500000000010914e+04 5.068525315437000245e-03
1.120500000000000000e+04 -3.131742866571585182e-03
1.126500000000000000e+04 1.679334977779944893e-03
1.132500000000000000e+04 1.050178092373243999e-02
1.138500000000000000e+04 -3.664383639261359349e-03
1.144500000000000000e+04 -1.281913800812617410e-02
1.150500000000000000e+04 -3.496246216673171148e-02
1.156500000000000000e+04 -3.709433678068307927e-02
1.162500000000000000e+04 -4.221474320729612373e-02
1.168500000000000000e+04 -4.432366348737559747e-02
1.174500000000000000e+04 -3.542108035344426753e-02
1.180500000000000000e+04 -1.850697722056793282e-02
1.186500000000000000e+04 -2.858133820063812891e-02
1.192500000000000000e+04 -1.064414808843139326e-02
1.198500000000000000e+04 1.130460763033624971e-02
1.204500000000000000e+04 7.264942774781957269e-03
1.210500000000000000e+04 1.123687047765997704e-02
1.216500000000000000e+04 5.722040317868959391e-02
1.222500000000000000e+04 7.421555262226320338e-02
1.228500000000000000e+04 8.222232986463495763e-02
1.234500000000000000e+04 9.724074526457116008e-02
1.240500000000000000e+04 7.927080849003687035e-02
1.246500000000000000e+04 6.631252851093449863e-02
1.252500000000000000e+04 5.236591360517195426e-02
1.258500000000000000e+04 4.743097134814888705e-02
1.264500000000000000e+04 6.150770862859644694e-02
1.270500000000000000e+04 9.259613162794266827e-02
1.276500000000000000e+04 7.969624583620316116e-02
1.282500000000000000e+04 5.580805604222405236e-02
1.288500000000000000e+04 4.093156633643957321e-02
1.294500000000000000e+04 4.406678011037001852e-02
1.300500000000000000e+04 4.821370005174685502e-02
1.306500000000000000e+04 3.637232815071911318e-02
1.312500000000000000e+04 5.542665693610615563e-03
1.318500000000000000e+04 4.724713265204627533e-03
1.324500000000000000e+04 -1.008152925260219490e-02
1.330500000000000000e+04 -9.876062682451447472e-03
1.336500000000000000e+04 5.341111451343749650e-03
1.342500000000000000e+04 1.569990916323149577e-03
1.348500000000000000e+04 -1.018942722657811828e-02
1.354500000000000000e+04 -1.093714661510603037e-02
1.360500000000000000e+04 -9.673171603026275989e-03
1.366500000000000000e+04 -4.397507244902953971e-03
1.372500000000000000e+04 1.889840693365840707e-03
1.378500000000000000e+04 -8.811134258394304197e-03
1.384500000000000000e+04 -2.450043928638478974e-02
1.390500000000000000e+04 -1.917808228154171957e-02
1.396500000000000000e+04 -1.984407184500014409e-02
1.402500000000000000e+04 -2.849841728948376840e-02
1.408500000000000000e+04 -3.314112863881746307e-02
1.414500000000000000e+04 -4.177221663121599704e-02
1.420500000000000000e+04 -3.439169271405262407e-02
1.426500000000000000e+04 -3.599956904690770898e-02
1.432500000000000000e+04 -5.359585850692383246e-02
1.438500000000000000e+04 -7.418057467930339044e-02
1.444500000000000000e+04 -7.075373186944489134e-02
1.450500000000000000e+04 -5.131534509382618126e-02
1.456500000000000000e+04 -5.286543008696753532e-02
1.462500000000000000e+04 -4.740400329410476843e-02
1.468500000000000000e+04 -3.093108187931647990e-02
1.474500000000000000e+04 -1.244668372692103731e-02
1.480500000000000000e+04 -2.495082743098464562e-02
1.486500000000000000e+04 -4.044353230801789323e-02
1.492500000000000000e+04 -4.892481838760431856e-02
1.498500000000000000e+04 -4.839470642218657304e-02
1.504500000000000000e+04 -3.685321787816064898e-02
1.510500000000000000e+04 -1.630037493850977626e-02
1.516500000000000000e+04 -1.273620051688340027e-02
1.522500000000000000e+04 -6.160718227874895092e-03
1.528500000000000000e+04 1.142604758297238732e-02
1.534500000000000000e+04 3.802407185412448598e-02
1.540500000000000000e+04 3.263332880578673212e-02
1.546500000000000000e+04 2.725379193452681648e-02
1.552500000000000000e+04 6.088543402529467130e-02
1.558500000000000000e+04 7.552822713205387117e-02
1.564500000000000000e+04 8.818214260099921376e-02
1.570500000000000000e+04 9.484715105099894572e-02
1.576500000000000000e+04 1.085232223831553711e-01
1.582500000000000000e+04 1.062103257791022770e-01
1.588500000000000000e+04 9.290842970312951365e-02
1.594500000000000000e+04 8.761750189387385035e-02
1.600500000000000000e+04 7.833750937879813137e-02
1.606500000000000000e+04 8.506841845883172937e-02
1.612500000000000000e+04 7.681019471874606097e-02
1.618500000000000000e+04 4.556280302494997159e-02
1.624500000000000000e+04 1.832620752793445718e-02
1.630500000000000000e+04 -2.899628347222460434e-03
1.636500000000000000e+04 -4.011474188700958621e-02
1.642500000000000000e+04 -9.331917109830101253e-02
1.648500000000000000e+04 -1.205129547042815830e-01
1.654500000000000000e+04 -1.396961321461276384e-01
1.660500000000000000e+04 -1.498687435796455247e-01
1.666500000000000000e+04 -1.450308298763047787e-01
1.672500000000000000e+04 -1.411824326251007733e-01
1.678500000000000000e+04 -1.463235941300808918e-01
1.684500000000000000e+04 -1.254543574050330790e-01
1.690500000000000000e+04 -8.857476617959036957e-02
1.696500000000000000e+04 -6.568486489686620189e-02
1.702500000000000000e+04 -5.478469870831759181e-02
1.708500000000000000e+04 -1.687431348364043515e-02
1.714500000000000000e+04 2.604624420382606331e-02
1.720500000000000000e+04 4.497692706900124904e-02
1.726500000000000000e+04 7.791768711740587605e-02
1.732500000000000000e+04 1.068684756492075394e-01
1.738500000000000000e+04 1.018292432554517291e-01
1.744500000000000000e+04 9.179993982706946554e-02
1.750500000000000000e+04 9.078051454434898915e-02
1.756500000000000000e+04 9.977091588552866597e-02
1.762500000000000000e+04 9.577109162819397170e-02
1.768500000000000000e+04 9.778098885180952493e-02
1.774500000000000000e+04 9.580055393234943040e-02
1.780500000000000000e+04 6.782973255303659244e-02
1.786500000000000000e+04 6.986846968629834009e-02
1.792500000000000000e+04 7.291670963240903802e-02
1.798500000000000000e+04 4.497439597889751894e-02
1.804500000000000000e+04 3.904147162756999023e-02
1.810500000000000000e+04 3.911787879042094573e-02
1.816500000000000000e+04 1.220355899022251833e-02
1.822500000000000000e+04 8.298453060888277832e-03
1.828500000000000000e+04 2.640250115382514196e-02
1.834500000000000000e+04 1.751564273490657797e-02
1.840500000000000000e+04 2.063781658762309235e-02
1.846500000000000000e+04 5.076896081754966872e-02
1.852500000000000000e+04 6.290901285319705494e-02
1.858500000000000000e+04 5.705790944193722680e-02
1.864500000000000000e+04 5.521558666441706009e-02
1.870500000000000000e+04 6.038197992984351004e-02
1.876500000000000000e+04 6.055702397134155035e-02
1.882500000000000000e+04 3.774065286052064039e-02
1.888500000000000000e+04 4.193280000163213117e-02
1.894500000000000000e+04 7.013339814420760376e-02
1.900500000000000000e+04 8.634237936621502740e-02
1.906500000000000000e+04 1.045596750973345479e-01
1.912500000000000000e+04 1.177852161081318627e-01
1.918500000000000000e+04 1.100189325215978897e-01
1.924500000000000000e+04 1.132607538074807962e-01
1.930500000000000000e+04 1.055106087915191893e-01
1.936500000000000000e+04 7.776842565272090724e-02
1.942500000000000000e+04 3.303413193498272449e-02
1.948500000000000000e+04 -6.923454593561473303e-04
1.954500000000000000e+04 -4.110802601644536480e-04
1.960500000000000000e+04 3.877853165249689482e-03
1.966500000000000000e+04 -1.825620169256580994e-03
1.972500000000000000e+04 -6.521575884107733145e-03
1.978500000000000000e+04 -2.721009021661302540e-02
1.984500000000000000e+04 -4.589124001995514845e-02
1.990500000000000000e+04 -6.356510276782501023e-02
1.996500000000000000e+04 -7.723175654518854572e-02
2.002500000000000000e+04 -8.989128003850055393e-02
2.008500000000000000e+04 -1.135437525463203201e-01
2.014500000000000000e+04 -1.291892539611581014e-01
2.020500000000000000e+04 -1.138278647777042352e-01
2.026500000000000000e+04 -9.845966607826994732e-02
2.032500000000000000e+04 -9.608473953994689509e-02
2.038500000000000000e+04 -8.970316741942951921e-02
2.044500000000000000e+04 -6.831503255489224102e-02
2.050500000000000000e+04 -3.392041836377757136e-02
2.056500000000000000e+04 -2.651940883697534446e-02
2.062500000000000000e+04 -3.911208852696290705e-02
2.068500000000000000e+04 -4.869854255684913369e-02
2.074500000000000000e+04 -6.327885660721221939e-02
2.080500000000000000e+04 -6.685311691308015725e-02
2.086500000000000000e+04 -7.242141025835735491e-02
2.092500000000000000e+04 -5.898382397390378173e-02
2.098500000000000000e+04 -4.154044593178696232e-02
2.104500000000000000e+04 -3.109136453713290393e-02
2.110500000000000000e+04 -2.663666873559122905e-02
2.116500000000000000e+04 -6.176447982397803571e-03
2.122500000000000000e+04 1.728920772802666761e-02
2.128500000000000000e+04 4.876020789470203454e-02
2.134500000000000000e+04 7.523646150730201043e-02
2.140500000000000000e+04 9.171787704508460592e-02
2.146500000000000000e+04 9.720436248881014762e-02
2.152500000000000000e+04 8.569582532436470501e-02
2.158500000000000000e+04 6.719217254976683762e-02
2.164500000000000000e+04 6.569331067657913081e-02
2.170500000000000000e+04 4.519914573756977916e-02
2.176500000000000000e+04 2.770958329710992984e-02
2.182500000000000000e+04 4.722452845271618571e-02
2.188500000000000000e+04 7.774388583220570581e-02
2.194500000000000000e+04 8.926755962147581158e-02
2.200500000000000000e+04 7.079545355009031482e-02
2.206500000000000000e+04 2.432747090460907202e-02
2.212500000000000000e+04 8.635145368316443637e-04
2.218500000000000000e+04 -1.559651312709320337e-02
2.224500000000000000e+04 -4.052710097312228754e-03
2.230500000000000000e+04 2.949482521398749668e-02
2.236500000000000000e+04 3.104599397374840919e-02
2.242500000000000000e+04 9.600696942470676731e-03
2.248500000000000000e+04 -1.841165507357800379e-03
2.254500000000000000e+04 -6.279693402575503569e-03
2.260500000000000000e+04 -2.171498714869812829e-02
2.266500000000000000e+04 -8.147147534145915415e-03
2.272500000000000000e+04 1.242372428714588750e-02
2.278500000000000000e+04 1.599752679794619326e-02
2.284500000000000000e+04 1.574158118273771834e-03
2.290500000000000000e+04 -3.484648396806733217e-02
2.296500000000000000e+04 -7.126450203486456303e-02
2.302500000000000000e+04 -8.167999897796107689e-02
2.308500000000000000e+04 -7.209307802440889645e-02
2.314500000000000000e+04 -6.450384271920484025e-02
2.320500000000000000e+04 -4.191239692227100022e-02
2.326500000000000000e+04 -3.331884479575819569e-02
2.332500000000000000e+04 -4.372329079706105404e-02
2.338500000000000000e+04 -5.112583967184036737e-02
2.344500000000000000e+04 -5.352659644813684281e-02
2.350500000000000000e+04 -6.392566642534802668e-02
2.356500000000000000e+04 -6.032315516677044798e-02
2.362500000000000000e+04 -2.671916849885747069e-02
2.368500000000000000e+04 9.886187515803612769e-03
2.374500000000000000e+04 1.849280656460905448e-02
2.380500000000000000e+04 1.005821104627102613e-04
2.386500000000000000e+04 -3.229059261411748594e-02
2.392500000000000000e+04 -3.968082458231947385e-02
2.398500000000000000e+04 1.092977901589620160e-02
2.404500000000000000e+04 4.854111080112488708e-02
2.410500000000000000e+04 1.415306320723175304e-02
2.416500000000000000e+04 -4.323447152000881033e-02
2.422500000000000000e+04 -8.162160129904805217e-02
2.428500000000000000e+04 -6.600843421438185032e-02
2.434500000000000000e+04 -3.139507849937217543e-02
2.440500000000000000e+04 -1.378164253583236132e-02
2.446500000000000000e+04 -2.516823483438201947e-02
2.452500000000000000e+04 -4.155496403473080136e-02
2.458500000000000000e+04 -1.494193889629968908e-02
2.464500000000000000e+04 1.267073172311938833e-02
2.470500000000000000e+04 5.282938863274466712e-03
2.476500000000000000e+04 -1.110542652440926759e-02
2.482500000000000000e+04 -2.049447355784650426e-02
2.488500000000000000e+04 -2.888431143765046727e-02
2.494500000000000000e+04 -3.527504941393999616e-02
2.500500000000000000e+04 -3.166679678361106198e-02
2.506500000000000000e+04 -1.505966288823401555e-02
2.512500000000000000e+04 -9.453757096707704477e-03
2.518500000000000000e+04 -2.884918879681208637e-02
2.524500000000000000e+04 -3.824606737907743081e-02
2.530500000000000000e+04 -1.864450224820757285e-02
2.536500000000000000e+04 -1.204460277949692681e-02
2.542500000000000000e+04 -3.544647833859926322e-02
2.548500000000000000e+04 -2.085023825293319533e-02
2.554500000000000000e+04 2.374400818825961323e-02
2.560500000000000000e+04 3.533615175547311082e-02
2.566500000000000000e+04 2.392608327227208065e-02
2.572500000000000000e+04 2.513693642868020106e-03
2.578500000000000000e+04 -9.011261417981586419e-04
2.584500000000000000e+04 2.768151500004023546e-02
2.590500000000000000e+04 3.826150825807417277e-02
2.596500000000000000e+04 1.683874494028714253e-02
2.602500000000000000e+04 2.641311647676047869e-02
2.608500000000000000e+04 5.198451444357488072e-02
2.614500000000000000e+04 2.055283056506596040e-02
2.620500000000000000e+04 3.117956724054238293e-03
2.626500000000000000e+04 2.167978497254807735e-02
2.632500000000000000e+04 1.323820755442284280e-02
2.638500000000000000e+04 8.793116900960740168e-03
2.644500000000000000e+04 -6.655594354015192948e-03
2.650500000000000000e+04 -2.310803334876254667e-02
2.656500000000000000e+04 -1.956430700920464005e-02
2.662500000000000000e+04 -2.002452200213156175e-02
2.668500000000000000e+04 -1.948878476105164737e-02
2.674500000000000000e+04 -1.495720144612278091e-02
2.680500000000000000e+04 -3.742987795158114750e-02
2.686500000000000000e+04 -3.790691987887839787e-02
2.692500000000000000e+04 -1.738843253679078771e-02
2.698500000000000000e+04 -3.587452092415333027e-02
2.704500000000000000e+04 -4.736528971989173442e-02
2.710500000000000000e+04 -2.886084326655691257e-02
2.716500000000000000e+04 -3.636128556809126167e-02
2.722500000000000000e+04 -4.886672027350869030e-02
2.728500000000000000e+04 -2.637725065778795397e-02
2.734500000000000000e+04 -1.289297962193813873e-02
2.740500000000000000e+04 -1.541400967380468501e-02
2.746500000000000000e+04 1.305955708539840998e-02
2.752500000000000000e+04 2.252761896215815796e-02
2.758500000000000000e+04 9.900746990751940757e-04
2.764500000000000000e+04 1.244682346987247001e-02
2.770500000000000000e+04 3.489776490550866583e-02
2.776500000000000000e+04 3.134279910136683611e-02
2.782500000000000000e+04 2.478182662161998451e-02
2.788500000000000000e+04 1.421474852486426244e-02
2.794500000000000000e+04 9.641466365792439319e-03
2.800500000000000000e+04 3.206188221247430192e-02
2.806500000000000000e+04 2.147589865853660740e-02
2.812500000000000000e+04 8.883418831828748807e-03
2.818500000000000000e+04 2.028434641033527441e-02
2.824500000000000000e+04 1.167858563258050708e-02
2.830500000000000000e+04 -6.933958692570740823e-03
2.836500000000000000e+04 -8.553381165256723762e-03
2.842500000000000000e+04 2.382022420897556003e-02
2.848500000000000000e+04 1.718676403379504336e-02
2.854500000000000000e+04 -2.345385446278669406e-02
2.860500000000000000e+04 1.189827657890418777e-02
2.866500000000000000e+04 2.824306566799350549e-02
2.872500000000000000e+04 3.580421969672897831e-03
2.878500000000000000e+04 2.791025532405910781e-02
2.884500000000000000e+04 3.223247625464864541e-02
2.890500000000000000e+04 2.546995977354526985e-03
2.896500000000000000e+04 -1.114627358128927881e-02
2.902500000000000000e+04 -1.884741977301018778e-02
2.908500000000000000e+04 -1.155652921988803428e-02
2.914500000000000000e+04 -1.427368779695825651e-02
2.920500000000000000e+04 -2.399898062412830768e-02
2.926500000000000000e+04 -1.773249204507010290e-02
2.932500000000000000e+04 -2.347430563622765476e-02
2.938500000000000000e+04 -1.722450416400533868e-02
2.944500000000000000e+04 -9.983169600673136301e-03
2.950500000000000000e+04 -1.775038309460796881e-02
2.956500000000000000e+04 -1.552622496456024237e-02
2.962500000000000000e+04 -2.310774690158723388e-03
2.968500000000000000e+04 1.089588910872407723e-02
2.974500000000000000e+04 2.409368866938166320e-02
2.980500000000000000e+04 3.928254711991030490e-02
2.986500000000000000e+04 4.946238846605410799e-02
2.992500000000000000e+04 2.263313762432517251e-02
2.998500000000000000e+04 1.579472041976259788e-02
3.004500000000000000e+04 1.694706360831332859e-02
3.010500000000000000e+04 7.090094879458774813e-03
3.016500000000000000e+04 2.223742873866285663e-03
3.022500000000000000e+04 -6.652062808825576212e-03
3.028500000000000000e+04 -3.537391592544736341e-03
3.034500000000000000e+04 -1.943231192308303434e-02
3.040500000000000000e+04 -3.933689124096417800e-02
3.046500000000000000e+04 -2.625119598997116555e-02
3.052500000000000000e+04 -1.717529159031982999e-02
3.058500000000000000e+04 1.890757570436107926e-03
3.064500000000000000e+04 3.194688814073742833e-02
3.070500000000000000e+04 2.199303782344941283e-02
3.076500000000000000e+04 2.002914538479672046e-02
3.082500000000000000e+04 3.005515066888619913e-02
3.088500000000000000e+04 1.207099459861638024e-02
3.094500000000000000e+04 1.607661920206737705e-02
3.100500000000000000e+04 3.507196760710939998e-02
3.106500000000000000e+04 2.205698406214651186e-02
3.112500000000000000e+04 -1.968386055523296818e-03
3.118500000000000000e+04 -2.800419622417393839e-02
3.124500000000000000e+04 -4.205049878237332450e-02
3.130500000000000000e+04 -5.610734489800961455e-02
3.136500000000000000e+04 -6.217478458074765513e-02
3.142500000000000000e+04 -4.625286664577288320e-02
3.148500000000000000e+04 -4.634163872560748132e-02
3.154500000000000000e+04 -4.444114725356484996e-02
3.160500000000000000e+04 -3.955143744406086626e-02
3.166500000000000000e+04 -6.067255330253829015e-02
3.172500000000000000e+04 -3.980453759231750155e-02
3.178500000000000000e+04 -1.994743184604885755e-02
3.184500000000000000e+04 -1.910127634437230881e-02
3.190500000000000000e+04 1.733889891511353198e-03
3.196500000000000000e+04 -2.441970896143175196e-03
3.202500000000000000e+04 1.637110481806303142e-02
3.208500000000000000e+04 3.417308183816203382e-02
3.214500000000000000e+04 3.096392626866872888e-02
3.220500000000000000e+04 3.874360550616984256e-02
3.226500000000000000e+04 2.151208827399386792e-02
3.232500000000000000e+04 4.526934460136544658e-02
3.238500000000000000e+04 5.701534585296030855e-02
3.244500000000000000e+04 3.875006472571840277e-02
3.250500000000000000e+04 6.347347526298108278e-02
3.256500000000000000e+04 3.418555285406910116e-02
3.262500000000000000e+04 -2.113725742674432695e-03
3.268500000000000000e+04 -1.424382414370484184e-03
3.274500000000000000e+04 -1.574643766343797324e-02
3.280500000000000000e+04 -1.807991062196379062e-02
3.286500000000000000e+04 -2.442481902562576579e-02
3.292500000000000000e+04 -2.578117922166711651e-02
3.298500000000000000e+04 -1.490061522417818196e-04
3.304500000000000000e+04 -3.528313358401646838e-03
3.310500000000000000e+04 2.008088704315014184e-02
3.316500000000000000e+04 6.167858433946094010e-02
3.322500000000000000e+04 2.826476925656606909e-02
3.328500000000000000e+04 1.283943394628295209e-02
3.334500000000000000e+04 2.840257199204643257e-02
3.340500000000000000e+04 1.595417842690949328e-02
3.346500000000000000e+04 3.749424971920234384e-02
3.352500000000000000e+04 4.702278380136704072e-02
3.358500000000000000e+04 5.053978004889358999e-02
3.364500000000000000e+04 4.204523930638970342e-02
3.370500000000000000e+04 2.453916387366916751e-02
3.376500000000000000e+04 8.021557522624789272e-03
3.382500000000000000e+04 -1.507574499555630609e-03
3.388500000000000000e+04 9.951774522050982341e-03
3.394500000000000000e+04 -2.160038722013268853e-02
3.400500000000000000e+04 -2.316405004603439011e-02
3.406500000000000000e+04 1.260797198483487591e-03
3.412500000000000000e+04 -1.432583284076827113e-02
3.418500000000000000e+04 -3.923926030438451562e-03
3.424500000000000000e+04 -1.253346675093780505e-02
3.430500000000000000e+04 -3.315443788960692473e-02
3.436500000000000000e+04 -9.786820842236920726e-03
3.442500000000000000e+04 -1.243059550961334025e-02
3.448500000000000000e+04 -3.708574030042655068e-02
3.454500000000000000e+04 -3.675223213031131309e-02
3.460500000000000000e+04 -1.543004641189327231e-02
3.466500000000000000e+04 -1.211915707153821131e-02
3.472500000000000000e+04 -2.981953654034441570e-02
3.478500000000000000e+04 -3.753115575000265380e-02
3.484500000000000000e+04 -3.625398414806113578e-02
3.490500000000000000e+04 -4.198798968081973726e-02
3.496500000000000000e+04 -5.273313881389185553e-02
3.502500000000000000e+04 -3.648939651975524612e-02
3.508500000000000000e+04 -2.525672628871689085e-02
3.514500000000000000e+04 -3.803509012413996970e-02
3.520500000000000000e+04 -4.082444855157518759e-02
3.526500000000000000e+04 -2.162476062403584365e-02
3.532500000000000000e+04 2.356401608813030180e-02
3.538500000000000000e+04 3.674192547259735875e-02
3.544500000000000000e+04 2.890901288901659427e-02
3.550500000000000000e+04 3.506532515893923119e-02
3.556500000000000000e+04 2.921091055031865835e-02
3.562500000000000000e+04 2.034581878979224712e-02
3.568500000000000000e+04 2.847010104051150847e-02
3.574500000000000000e+04 4.158380990975274472e-02
3.580500000000000000e+04 4.468699943299725419e-02
3.586500000000000000e+04 4.377972506699734367e-02
3.592500000000000000e+04 5.486204369663028046e-02
3.598500000000000000e+04 4.293401360064308392e-02
3.604500000000000000e+04 2.799569446779059945e-02
3.610500000000000000e+04 1.604714738368784310e-02
3.616500000000000000e+04 2.008843480780342361e-02
3.622500000000000000e+04 3.211962058139761211e-02
3.628500000000000000e+04 3.414076990975445369e-02
3.634500000000000000e+04 2.015194934574537911e-02
3.640500000000000000e+04 6.153226796413946431e-03
3.646500000000000000e+04 9.144671494141221046e-03
3.652500000000000000e+04 1.212635399770078948e-02
3.658500000000000000e+04 1.609834617011074442e-02
3.664500000000000000e+04 -1.093927882629941450e-02
3.670500000000000000e+04 -2.898644654123927467e-02
