6.705000000000000000e+03 -5.434608289760944899e-03
6.765000000000109139e+03 -7.655521328160830308e-03
6.824999999999890861e+03 -4.870009445767209399e-03
6.885000000000000000e+03 -8.078062633103400003e-03
6.945000000000109139e+03 -9.279671577132830862e-03
7.005000000000000000e+03 -3.474827662103052717e-03
7.065000000000000000e+03 -9.663522956543602049e-03
7.124999999999890861e+03 -5.845750223670620471e-03
7.185000000000000000e+03 -4.021502903015061747e-03
7.245000000000000000e+03 -3.190775122675404418e-03
7.304999999999890861e+03 -1.235356169217993738e-02
7.365000000000000000e+03 -5.509858093319053296e-03
7.425000000000109139e+03 -4.659660482502658851e-03
7.484999999999890861e+03 -6.802965694987506140e-03
7.545000000000000000e+03 -8.939771222685521934e-03
7.605000000000109139e+03 9.299247658418607898e-04
7.665000000000000000e+03 -5.193876550947607029e-03
7.725000000000000000e+03 -9.311174661888799164e-03
7.784999999999890861e+03 -3.421969709052063990e-03
7.845000000000000000e+03 -3.526262482409947552e-03
7.905000000000000000e+03 -4.624054426130896900e-03
7.964999999999890861e+03 -5.715347634577483404e-03
8.025000000000000000e+03 -5.800144836030085571e-03
8.085000000000109139e+03 -7.878449402596743312e-03
8.144999999999890861e+03 -1.950265343111823313e-03
8.205000000000000000e+03 -6.015597295117913745e-03
8.265000000000109139e+03 -4.074450525877182372e-03
8.325000000000000000e+03 -5.126830927110859193e-03
8.385000000000000000e+03 -5.172745011805091053e-03
8.445000000000109139e+03 -4.212199913126823958e-03
8.505000000000000000e+03 -6.245203370781382546e-03
8.565000000000000000e+03 -2.271763738463050686e-03
8.624999999999890861e+03 -1.291889974709192757e-03
8.685000000000000000e+03 -6.305591638920304831e-03
8.745000000000109139e+03 -6.312878884273231961e-03
8.804999999999890861e+03 -3.313762465040781535e-03
8.865000000000000000e+03 -4.308253715862520039e-03
8.925000000000109139e+03 -4.296364561923837755e-03
8.985000000000000000e+03 -2.781075045277248137e-04
9.045000000000000000e+03 -3.253495628086966462e-03
9.105000000000109139e+03 -2.222542585514020175e-03
9.165000000000000000e+03 -6.185262588587647770e-03
9.225000000000000000e+03 -4.141670430726662744e-03
9.284999999999890861e+03 -3.091781445618835278e-03
9.345000000000000000e+03 -1.035611531733593438e-03
9.405000000000109139e+03 -3.973177132138516754e-03
9.464999999999890861e+03 -3.904495244569261558e-03
9.525000000000000000e+03 -5.829583394188375678e-03
9.585000000000109139e+03 -3.748459645976254251e-03
9.645000000000000000e+03 -1.661142603552434593e-03
9.705000000000000000e+03 -1.567651392178959213e-03
9.765000000000109139e+03 -3.468005653303407598e-03
9.825000000000000000e+03 -3.362225552336894907e-03
9.885000000000000000e+03 -5.250331768365867902e-03
9.944999999999890861e+03 -2.132345481186348479e-03
1.000500000000000000e+04 -2.008288376600830816e-03
1.006500000000010914e+04 1.218173629240482114e-04
1.012499999999989086e+04 -4.742050939057662617e-03
1.018500000000000000e+04 -5.599916444225527812e-03
1.024500000000010914e+04 2.548197199757851195e-03
1.030499999999989086e+04 -2.297734132298501208e-03
1.036500000000000000e+04 -4.137735030781186651e-03
1.042500000000010914e+04 1.028169436722237151e-03
1.048500000000000000e+04 -3.800046254582412075e-03
1.054500000000000000e+04 -6.224080880201654509e-04
1.060499999999989086e+04 -2.438942497064999770e-03
1.066500000000000000e+04 -1.249676365659979638e-03
1.072500000000010914e+04 -1.054637018569337670e-03
1.078499999999989086e+04 -2.853852211956109386e-03
1.084500000000000000e+04 -1.647350143684889190e-03
1.090500000000010914e+04 -3.435159424043376930e-03
1.096499999999989086e+04 -4.217309095110977069e-03
1.102500000000000000e+04 6.171389031806029379e-06
1.108500000000010914e+04 -7.647478332728496753e-04
1.114500000000000000e+04 -2.530097030103206635e-03
1.120500000000000000e+04 -1.289906870624690782e-03
1.126499999999989086e+04 -4.044208416416950058e-03
1.132500000000000000e+04 -2.793033115267462563e-03
1.138500000000010914e+04 -1.536412803034181707e-03
1.144499999999989086e+04 -3.274379690083151218e-03
1.150500000000000000e+04 9.930336382240056992e-04
1.156500000000010914e+04 -1.734205759930773638e-03
1.162499999999989086e+04 -3.456131207713042386e-03
1.168500000000000000e+04 -3.172776363498996943e-03
1.174500000000000000e+04 -1.884175249870168045e-03
1.180500000000000000e+04 -2.590362224509590305e-03
1.186500000000000000e+04 -3.291371992418135051e-03
1.192500000000000000e+04 -1.987239590562239755e-03
1.198500000000000000e+04 -1.678000378888100386e-03
1.204500000000000000e+04 -5.363690045669500250e-03
1.210500000000000000e+04 -6.044344597285089549e-03
1.216500000000000000e+04 -3.720000341672857758e-03
1.222500000000000000e+04 -5.390693907429522369e-03
1.228500000000000000e+04 -5.056462209722667467e-03
1.234500000000000000e+04 2.826575309882173315e-04
1.240500000000000000e+04 1.626627811674552504e-03
1.246500000000000000e+04 4.975410842234850861e-03
1.252500000000000000e+04 1.232896855526632862e-02
1.258500000000000000e+04 2.668726261435949709e-02
1.264500000000000000e+04 4.605025441196630709e-02
1.270500000000000000e+04 6.941790507698897272e-02
1.276500000000000000e+04 1.007901754965132568e-01
1.282500000000000000e+04 1.381670262899206136e-01
1.288500000000000000e+04 1.755484178438564413e-01
1.294500000000000000e+04 2.139343103026476456e-01
1.300500000000000000e+04 2.463246635807081475e-01
1.306500000000000000e+04 2.627194373599195387e-01
1.312500000000000000e+04 2.661185911038046470e-01
1.318500000000000000e+04 2.505220840612309985e-01
1.324500000000000000e+04 2.139298752663307823e-01
1.330500000000000000e+04 1.623419235538676730e-01
1.336500000000000000e+04 1.007581875564937945e-01
1.342500000000000000e+04 3.917862571051955456e-02
1.348500000000000000e+04 -1.139680372580187395e-02
1.354500000000000000e+04 -4.296814269218884874e-02
1.360500000000000000e+04 -6.353543328805244528e-02
1.366500000000000000e+04 -7.209871779741661157e-02
1.372500000000000000e+04 -7.665803865711495746e-02
1.378500000000000000e+04 -8.521343847769458080e-02
1.384500000000000000e+04 -9.276496001439227257e-02
1.390500000000000000e+04 -8.431264616956468672e-02
1.396500000000000000e+04 -5.885653999484929955e-02
1.402500000000000000e+04 -2.839668467913725181e-02
1.408500000000000000e+04 -1.293312353755027289e-02
1.414500000000000000e+04 -1.846590001423464855e-02
1.420500000000000000e+04 -2.999505767911614385e-02
1.426500000000000000e+04 -2.152064020810939837e-02
1.432500000000000000e+04 1.095730860924959416e-02
1.438500000000000000e+04 3.943874487504217541e-02
1.444500000000000000e+04 3.792362459989817580e-02
1.450500000000000000e+04 -4.588096306179068051e-03
1.456500000000000000e+04 -4.909646201213035965e-02
1.462500000000000000e+04 -6.060151677320391173e-02
1.468500000000000000e+04 -2.210330492380307987e-02
1.474500000000000000e+04 3.239812913034256781e-02
1.480500000000000000e+04 7.090274092752224533e-02
1.486500000000000000e+04 7.841048593309096759e-02
1.492500000000000000e+04 5.392131956341472687e-02
1.498500000000000000e+04 2.443519718963216292e-02
1.504500000000000000e+04 7.952074128297681455e-03
1.510500000000000000e+04 7.471905668353429064e-03
1.516500000000000000e+04 7.994647057785186917e-03
1.522500000000000000e+04 -1.147974647847149754e-02
1.528500000000000000e+04 -4.795131974333344260e-02
1.534500000000000000e+04 -7.842011755019484553e-02
1.540500000000000000e+04 -7.488618472962116357e-02
1.546500000000000000e+04 -4.634956611516827252e-02
1.552500000000000000e+04 -2.581030654982896522e-02
1.558500000000000000e+04 -3.126845085989771178e-02
1.564500000000000000e+04 -5.172404387303686235e-02
1.570500000000000000e+04 -5.417713039605587255e-02
1.576500000000000000e+04 -3.062775522175797960e-02
1.582500000000000000e+04 -1.607596311623638030e-02
1.588500000000000000e+04 -2.852179881119809579e-02
1.594500000000000000e+04 -4.396530701251322171e-02
1.600500000000000000e+04 -4.140653237573133083e-02
1.606500000000000000e+04 -4.484551952009496745e-02
1.612500000000000000e+04 -6.628231300692277728e-02
1.618500000000000000e+04 -7.471695734875538619e-02
1.624500000000000000e+04 -4.714949699337012134e-02
1.630500000000000000e+04 -2.557997632357000839e-02
1.636500000000000000e+04 -3.800843965655076317e-02
1.642500000000000000e+04 -4.143493122683139518e-02
1.648500000000000000e+04 -2.885949519350106129e-02
1.654500000000000000e+04 -4.528217562710779021e-02
1.660500000000000000e+04 -8.070301651059708092e-02
1.666500000000000000e+04 -9.012206173429149203e-02
1.672500000000000000e+04 -8.153935507925780257e-02
1.678500000000000000e+04 -8.195494023402716266e-02
1.684500000000000000e+04 -6.136886076819791924e-02
1.690500000000000000e+04 -2.378116014097031439e-02
1.696500000000000000e+04 -3.119188168966502417e-02
1.702500000000000000e+04 -5.060106863311375491e-02
1.708500000000000000e+04 -1.400876405659801094e-02
1.714500000000000000e+04 2.258498908486217260e-02
1.720500000000000000e+04 7.180147978033346590e-03
1.726500000000000000e+04 1.877666994550963864e-02
1.732500000000000000e+04 6.937451246540149441e-02
1.738500000000000000e+04 4.497363316113478504e-02
1.744500000000000000e+04 -2.742601018599089002e-02
1.750500000000000000e+04 -1.182445962967904052e-02
1.756500000000000000e+04 4.877824293362209573e-02
1.762500000000000000e+04 5.438205578684573993e-02
1.768500000000000000e+04 3.798693737462599529e-02
1.774500000000000000e+04 2.659284633500647033e-02
1.780500000000000000e+04 4.199741477350471541e-03
1.786500000000000000e+04 2.580758180465636542e-02
1.792500000000000000e+04 6.041632650976680452e-02
1.798500000000000000e+04 2.902593498129135696e-02
1.804500000000000000e+04 -1.436363319226074964e-02
1.810500000000000000e+04 -2.175241821714735124e-02
1.816500000000000000e+04 -3.614046008897275897e-02
1.822500000000000000e+04 -5.277985947031993419e-04
1.828500000000000000e+04 7.008552670231438242e-02
1.834500000000000000e+04 4.369947645227512112e-02
1.840500000000000000e+04 -2.468598846462555230e-02
1.846500000000000000e+04 -3.407090694236103445e-02
1.852500000000000000e+04 -5.145531763355393196e-02
1.858500000000000000e+04 -5.383925896148866741e-02
1.864500000000000000e+04 -2.522276910985965515e-02
1.870500000000000000e+04 -4.760588600493065314e-02
1.876500000000000000e+04 -4.798864733584196074e-02
1.882500000000000000e+04 1.862890946449624607e-02
1.888500000000000000e+04 2.924674722453346476e-02
1.894500000000000000e+04 5.864829030542750843e-03
1.900500000000000000e+04 6.483118230789841618e-03
1.906500000000000000e+04 -2.389842155844235094e-02
1.912500000000000000e+04 -3.427982643825089326e-02
1.918500000000000000e+04 -3.866113225012668408e-02
1.924500000000000000e+04 -1.100423745447187684e-01
1.930500000000000000e+04 -1.174235885937378043e-01
1.936500000000000000e+04 -4.580480938057007734e-02
1.942500000000000000e+04 -3.318607160326791927e-02
1.948500000000000000e+04 -4.356740966250072233e-02
1.954500000000000000e+04 -1.494885766078368761e-02
1.960500000000000000e+04 1.166955059943575179e-02
1.966500000000000000e+04 -3.712218386681342963e-03
1.972500000000000000e+04 -3.909419780848111259e-02
1.978500000000000000e+04 -3.647642054875177564e-02
1.984500000000000000e+04 -3.585891917555272812e-02
1.990500000000000000e+04 -4.124172594129049685e-02
1.996500000000000000e+04 9.375127225212054327e-03
2.002500000000000000e+04 3.199160871918138582e-02
2.008500000000000000e+04 2.607687256386270747e-03
2.014500000000000000e+04 1.422333188384072855e-02
2.020500000000000000e+04 8.838511991598352324e-03
2.026500000000000000e+04 -2.754680270754761295e-02
2.032500000000000000e+04 -1.993264215525414329e-02
2.038500000000000000e+04 -9.319035950284160208e-03
2.044500000000000000e+04 -1.970601334505772684e-02
2.050500000000000000e+04 -1.409360325123998336e-02
2.056500000000000000e+04 2.518165772926295176e-03
2.062500000000000000e+04 3.129265528514224570e-03
2.068500000000000000e+04 8.739668168345815502e-03
2.074500000000000000e+04 3.234934620559215546e-02
2.080500000000000000e+04 3.095827251217997400e-02
2.086500000000000000e+04 9.566420331793779042e-03
2.092500000000000000e+04 9.173763266517198645e-03
2.098500000000000000e+04 -4.219724704853433650e-03
2.104500000000000000e+04 -2.261406923389586154e-02
2.110500000000000000e+04 5.990704404212010559e-03
2.116500000000000000e+04 4.459457131179078715e-02
2.122500000000000000e+04 3.919750696877599694e-02
2.128500000000000000e+04 2.079948724167479668e-02
2.134500000000000000e+04 2.540048837727226783e-02
2.140500000000000000e+04 2.500048701313062338e-02
2.146500000000000000e+04 2.259946017602487700e-02
2.152500000000000000e+04 2.419738528351444984e-02
2.158500000000000000e+04 9.794240144401555881e-03
2.164500000000000000e+04 4.390002969557826873e-03
2.170500000000000000e+04 9.984652368075330742e-03
2.176500000000000000e+04 2.457816734568041284e-02
2.182500000000000000e+04 2.117052730955037987e-02
2.188500000000000000e+04 -8.238287919994036201e-03
2.194500000000000000e+04 3.517018722050124779e-04
2.200500000000000000e+04 8.940477323449158575e-03
2.206500000000000000e+04 -1.347198052826570347e-02
2.212500000000000000e+04 1.811430977068084758e-02
2.218500000000000000e+04 3.969933009102533106e-02
2.224500000000000000e+04 6.283062716647691559e-03
2.230500000000000000e+04 -3.134509648589300923e-03
2.236500000000000000e+04 2.444659611410315847e-02
2.242500000000000000e+04 1.902636355771392118e-02
2.248500000000000000e+04 -5.395223357481881976e-03
2.254500000000000000e+04 7.181819764809915796e-03
2.260500000000000000e+04 -3.624252225381496828e-02
2.266500000000000000e+04 -4.866826417037373176e-02
2.272500000000000000e+04 -9.542030329612316564e-05
2.278500000000000000e+04 -2.452400454421876930e-02
2.284500000000000000e+04 -3.595403035433264449e-02
2.290500000000000000e+04 -1.038551075998839224e-02
2.296500000000000000e+04 5.181541656384069938e-03
2.302500000000000000e+04 -3.625288526382064447e-02
2.308500000000000000e+04 -4.168880323322810000e-02
2.314500000000000000e+04 2.387377647301036632e-02
2.320500000000000000e+04 1.243484302085562376e-02
2.326500000000000000e+04 1.899438601412839489e-02
2.332500000000000000e+04 7.552395504717424046e-03
2.338500000000000000e+04 -1.489113801380881341e-02
2.344500000000000000e+04 5.566377639661368448e-02
2.350500000000000000e+04 7.921713012274267385e-02
2.356500000000000000e+04 2.976891499019984622e-02
2.362500000000000000e+04 8.319123287947149947e-03
2.368500000000000000e+04 5.867747739102924243e-03
2.374500000000000000e+04 -9.585218478605384007e-03
2.380500000000000000e+04 3.296021826372452779e-02
2.386500000000000000e+04 -1.349594795101438649e-02
2.392500000000000000e+04 -6.195372259116993519e-02
2.398500000000000000e+04 5.586889327787503134e-03
2.404500000000000000e+04 -1.487411675680050394e-02
2.410500000000000000e+04 -2.233674494891602080e-02
2.416500000000000000e+04 2.619900109948503086e-02
2.422500000000000000e+04 2.873311819075752283e-02
2.428500000000000000e+04 -2.734396416599338409e-03
2.434500000000000000e+04 1.279645499471371295e-02
2.440500000000000000e+04 5.325670594174880534e-03
2.446500000000000000e+04 3.853249015264736954e-03
2.452500000000000000e+04 5.379189342420431785e-03
2.458500000000000000e+04 -3.009650887725001667e-02
2.464500000000000000e+04 1.642615435957850423e-02
2.470500000000000000e+04 1.094717951673374046e-02
2.476500000000000000e+04 -1.153343248734017834e-02
2.482500000000000000e+04 4.984319730283459648e-03
2.488500000000000000e+04 -4.349956199530424783e-02
2.494500000000000000e+04 -6.398507536141551100e-02
2.500500000000000000e+04 -1.347221761261607753e-02
2.506500000000000000e+04 -1.096098552989133168e-02
2.512500000000000000e+04 -1.445137543942109914e-02
2.518500000000000000e+04 4.205661679679906229e-02
2.524500000000000000e+04 2.356299577422760194e-02
2.530500000000000000e+04 -2.932233454885135870e-03
2.536500000000000000e+04 -4.290653760108398274e-04
2.542500000000000000e+04 -1.192749401707260404e-02
2.548500000000000000e+04 -1.142751294628396863e-02
2.554500000000000000e+04 -1.792911527627438772e-02
2.560500000000000000e+04 -2.432293660604045726e-03
2.566500000000000000e+04 -4.093704029219225049e-02
2.572500000000000000e+04 -8.144334691041876795e-02
2.578500000000000000e+04 -1.995120479386969237e-02
2.584500000000000000e+04 -1.146060476912680315e-02
2.590500000000000000e+04 -3.197153720248024911e-02
2.596500000000000000e+04 6.516007989375793841e-03
2.602500000000000000e+04 -2.997958647029008716e-03
2.608500000000000000e+04 7.486573883397795726e-03
2.614500000000000000e+04 3.196961702997214161e-02
2.620500000000000000e+04 2.451182698678167071e-03
2.626500000000000000e+04 1.893128323990822537e-02
2.632500000000000000e+04 5.740993146719119977e-02
2.638500000000000000e+04 6.188714063591760350e-02
2.644500000000000000e+04 5.136292445695289643e-02
2.650500000000000000e+04 5.783729708673490677e-02
2.656500000000000000e+04 5.831027313161030179e-02
2.662500000000000000e+04 4.678186764431302436e-02
2.668500000000000000e+04 6.125209612855542218e-02
2.674500000000000000e+04 4.172097452646994498e-02
2.680500000000000000e+04 3.188519229297526181e-03
2.686500000000000000e+04 2.165474707453540759e-02
2.692500000000000000e+04 3.119675335256033577e-03
2.698500000000000000e+04 9.583321731952310074e-03
2.704500000000000000e+04 6.104570441857504193e-02
2.710500000000000000e+04 2.350684199609531788e-02
2.716500000000000000e+04 1.096675349981524050e-02
2.722500000000000000e+04 2.242545839817466913e-02
2.728500000000000000e+04 -1.411702339919429505e-02
2.734500000000000000e+04 -2.666067155314522097e-02
2.740500000000000000e+04 -1.420546528970589861e-02
2.746500000000000000e+04 -2.175138340498961043e-02
2.752500000000000000e+04 -3.229840426411101362e-02
2.758500000000000000e+04 -6.846505806606728584e-03
2.764500000000000000e+04 1.160433446148090297e-02
2.770500000000000000e+04 5.054139449384820182e-03
2.776500000000000000e+04 2.250293249926471617e-02
2.782500000000000000e+04 3.295073737263010116e-02
2.788500000000000000e+04 3.039757824899425032e-02
2.794500000000000000e+04 4.843479728151578456e-03
2.800500000000000000e+04 2.884668283513747156e-04
2.806500000000000000e+04 1.573256498340924736e-02
2.812500000000000000e+04 3.175800038661691360e-03
2.818500000000000000e+04 4.618198253410810139e-03
2.824500000000000000e+04 1.505978629938908853e-02
2.830500000000000000e+04 2.500591249372519087e-03
2.836500000000000000e+04 2.894064059091761010e-02
2.842500000000000000e+04 3.537996221257344587e-02
2.848500000000000000e+04 2.381858440458017867e-02
2.854500000000000000e+04 9.256535857275594026e-03
2.860500000000000000e+04 7.693845663197862450e-03
2.866500000000000000e+04 2.013054330745944753e-02
2.872500000000000000e+04 2.756665867491392419e-02
2.878500000000000000e+04 2.900222203697921941e-02
2.884500000000000000e+04 1.843726406332280021e-02
2.890500000000000000e+04 3.587181580314791063e-02
2.896500000000000000e+04 2.430590869334992021e-02
2.902500000000000000e+04 -2.260425436361401808e-03
2.908500000000000000e+04 3.172845612425589934e-03
2.914500000000000000e+04 -3.394245569324993994e-03
2.920500000000000000e+04 6.038333973265253007e-03
2.926500000000000000e+04 1.547061757446499541e-02
2.932500000000000000e+04 3.902638953150017187e-03
2.938500000000000000e+04 -5.665567820869910065e-03
2.944500000000000000e+04 -1.423396829977718880e-02
2.950500000000000000e+04 -2.280252767195634078e-02
2.956500000000000000e+04 -2.937121075956383720e-02
2.962500000000000000e+04 -5.593998203494265908e-02
2.968500000000000000e+04 -6.050880560178484302e-02
2.974500000000000000e+04 -4.507764521531498758e-02
2.980500000000000000e+04 -5.364646427187835798e-02
2.986500000000000000e+04 -6.421522582513716770e-02
2.992500000000000000e+04 -6.178389257547678426e-02
2.998500000000000000e+04 -3.035242688201833516e-02
3.004500000000000000e+04 -2.992079076102527324e-02
3.010500000000000000e+04 -4.048894589141127653e-02
3.016500000000000000e+04 -1.805685360704956111e-02
3.022500000000000000e+04 3.837552508230146486e-02
3.028500000000000000e+04 2.380822949908178998e-02
3.034500000000000000e+04 3.024129930054186843e-02
3.040500000000000000e+04 2.667477446084376425e-02
3.046500000000000000e+04 -2.789130471319367643e-02
3.052500000000000000e+04 -1.945689760668756207e-02
3.058500000000000000e+04 1.397803672261943575e-02
3.064500000000000000e+04 -5.864604772796155885e-04
3.070500000000000000e+04 -8.150347642185806762e-03
3.076500000000000000e+04 -8.713582903510541655e-03
3.082500000000000000e+04 -2.761240857580560260e-04
3.088500000000000000e+04 -8.379287100979126990e-04
3.094500000000000000e+04 1.601045993083971553e-03
3.100500000000000000e+04 1.204084310211328557e-02
3.106500000000000000e+04 4.815059755856054835e-04
3.112500000000000000e+04 8.923078270527184941e-03
3.118500000000000000e+04 2.636560392511455575e-02
3.124500000000000000e+04 -1.908728381749824621e-04
3.130500000000000000e+04 -1.746307518260437064e-03
3.136500000000000000e+04 3.069934466748236446e-02
3.142500000000000000e+04 1.714612877094623400e-02
3.148500000000000000e+04 1.859409011376556009e-02
3.154500000000000000e+04 2.104327428696706193e-02
3.160500000000000000e+04 -1.250627285298833158e-02
3.166500000000000000e+04 9.945494806743226945e-03
3.172500000000000000e+04 2.639862363412248669e-02
3.178500000000000000e+04 3.853160257676790934e-03
3.184500000000000000e+04 2.230915155178081477e-02
3.190500000000000000e+04 2.776664463908673497e-02
3.196500000000000000e+04 1.022568688676983584e-02
3.202500000000000000e+04 6.863258940938976593e-04
3.208500000000000000e+04 -4.851390493058715947e-03
3.214500000000000000e+04 -8.387414196477038786e-03
3.220500000000000000e+04 2.078303084090293851e-03
3.226500000000000000e+04 3.154580987938970793e-02
3.232500000000000000e+04 3.401515494351770030e-02
3.238500000000000000e+04 1.048638724932970945e-02
3.244500000000000000e+04 2.959555984489270486e-03
3.250500000000000000e+04 -3.565289454854791984e-03
3.256500000000000000e+04 8.911900542443618178e-03
3.262500000000000000e+04 2.139117578644800233e-02
3.268500000000000000e+04 -2.412741371335869189e-02
3.274500000000000000e+04 -2.364381774077628506e-02
3.280500000000000000e+04 -1.215798589601035928e-02
3.286500000000000000e+04 -2.766986758706480032e-02
3.292500000000000000e+04 -3.317941203113150550e-02
3.298500000000000000e+04 -3.468656826771621127e-02
3.304500000000000000e+04 -4.519128515676129609e-02
3.310500000000000000e+04 -2.569351138208730845e-02
3.316500000000000000e+04 -2.819319545960752293e-02
3.322500000000000000e+04 -3.969028573374089319e-02
3.328500000000000000e+04 -5.184730384826252703e-03
3.334500000000000000e+04 1.332352256122248946e-02
3.340500000000000000e+04 3.783452523566666059e-02
3.346500000000000000e+04 6.034832992736482993e-02
3.352500000000000000e+04 3.486498906750057358e-02
3.358500000000000000e+04 6.384555234944855329e-03
3.364500000000000000e+04 -1.009291885566199198e-02
3.370500000000000000e+04 -2.656738034602312837e-02
3.376500000000000000e+04 -1.003877625407767482e-02
3.382500000000000000e+04 -5.070534607511945069e-04
3.388500000000000000e+04 -2.997215872528613545e-02
3.394500000000000000e+04 -4.443403868936002254e-02
3.400500000000000000e+04 -3.789263987528102007e-02
3.406500000000000000e+04 -4.634790869022253901e-02
3.412500000000000000e+04 -3.979979143605305580e-02
3.418500000000000000e+04 -7.248234308462997433e-03
3.424500000000000000e+04 8.306816596814314835e-03
3.430500000000000000e+04 2.486541528105590260e-02
3.436500000000000000e+04 2.042761584198160563e-02
3.442500000000000000e+04 1.993472459616896231e-03
3.448500000000000000e+04 1.256303940226644045e-02
3.454500000000000000e+04 -2.863628980776411481e-03
3.460500000000000000e+04 -1.328647826539963717e-02
3.466500000000000000e+04 -1.170545395325461868e-02
3.472500000000000000e+04 -1.205014777951873839e-04
3.478500000000000000e+04 9.468433790061681066e-03
3.484500000000000000e+04 1.506140653873444535e-02
3.490500000000000000e+04 9.658471515649580397e-03
3.496500000000000000e+04 3.259683520809630863e-03
3.502500000000000000e+04 -1.113490260195248993e-02
3.508500000000000000e+04 -1.652523196480615297e-02
3.514500000000000000e+04 2.088750364237057511e-03
3.520500000000000000e+04 -1.292900651606032625e-03
3.526500000000000000e+04 -7.670130016776965931e-03
3.532500000000000000e+04 -1.704288271048426395e-02
3.538500000000000000e+04 -3.441110368294175714e-02
3.544500000000000000e+04 2.225262125648441724e-03
3.550500000000000000e+04 -2.133730207788175903e-03
3.556500000000000000e+04 -4.548802559020259650e-02
3.562500000000000000e+04 -2.083756892807286931e-02
3.568500000000000000e+04 -1.018230512818263378e-02
3.574500000000000000e+04 -2.352217909356113523e-02
3.580500000000000000e+04 1.114286426218313864e-02
3.586500000000000000e+04 2.481288001763459761e-02
3.592500000000000000e+04 1.848792323289671913e-02
3.598500000000000000e+04 -5.831951047184702475e-03
3.604500000000000000e+04 -1.914668780591455288e-02
3.610500000000000000e+04 -1.545623205038282322e-02
3.616500000000000000e+04 5.239471174718346447e-03
3.622500000000000000e+04 -2.059523199022805784e-03
3.628500000000000000e+04 -3.435316029390378390e-02
3.634500000000000000e+04 -1.964138527273462387e-02
3.640500000000000000e+04 -9.241433426723233424e-04
3.646500000000000000e+04 -8.201379769161576405e-03
3.652500000000000000e+04 -1.473039870688808151e-03
3.658500000000000000e+04 5.260930965960142203e-03
3.664500000000000000e+04 -3.999412703706184402e-03
3.670500000000000000e+04 2.074598360104573658e-02
3.676500000000000000e+04 2.849717428398435004e-02
3.682500000000000000e+04 4.254213677086227108e-03
3.688500000000000000e+04 4.401715602489275625e-02
3.694500000000000000e+04 3.178605548509949585e-02
3.700500000000000000e+04 1.556096612785040634e-02
3.706500000000000000e+04 1.234194192056747852e-02
3.712500000000000000e+04 -8.870963262779696379e-03
3.718500000000000000e+04 1.192230434753582813e-02
3.724500000000000000e+04 7.721798404418223072e-03
3.730500000000000000e+04 2.152757245767134009e-02
3.736500000000000000e+04 3.033967994088015985e-02
3.742500000000000000e+04 3.215817416003119433e-02
3.748500000000000000e+04 1.098310829638649011e-02
3.754500000000000000e+04 -6.185464597365353256e-03
3.760500000000000000e+04 -5.347491595784958918e-03
3.766500000000000000e+04 -1.150291991780250100e-02
3.772500000000000000e+04 -3.165169692783820210e-02
3.778500000000000000e+04 -3.279377012859185925e-02
3.784500000000000000e+04 5.070912819064687937e-03
3.790500000000000000e+04 -9.057595892045355868e-03
3.796500000000000000e+04 -8.179244237908278592e-03
3.802500000000000000e+04 1.706019649645895697e-03
3.808500000000000000e+04 2.159824746740923729e-02
3.814500000000000000e+04 3.349749074277497130e-02
3.820500000000000000e+04 4.840380082532647066e-02
3.826500000000000000e+04 6.731722888616786804e-02
3.832500000000000000e+04 3.723782591259805486e-02
3.838500000000000000e+04 2.116564269817899913e-02
3.844500000000000000e+04 1.510072985274746316e-02
3.850500000000000000e+04 1.304313778291543713e-02
3.856500000000000000e+04 -6.007083302392857149e-03
3.862500000000000000e+04 -1.004988340173440520e-02
3.868500000000000000e+04 -2.608521272031794069e-02
3.874500000000000000e+04 -3.711302167994290357e-02
3.880500000000000000e+04 -2.913326091220369563e-02
3.886500000000000000e+04 -1.414588128136529122e-02
3.892500000000000000e+04 -2.515083386879268801e-02
3.898500000000000000e+04 -1.914806998865969945e-02
3.904500000000000000e+04 1.886245881360082421e-02
3.910500000000000000e+04 3.088080075394827873e-02
3.916500000000000000e+04 2.590700380096677691e-02
3.922500000000000000e+04 2.294111568426160375e-02
3.928500000000000000e+04 4.298318388100597076e-02
3.934500000000000000e+04 5.503325561585370451e-02
3.940500000000000000e+04 5.709137785197526682e-02
3.946500000000000000e+04 5.915759729396086186e-02
3.952500000000000000e+04 4.423196038078458514e-02
3.958500000000000000e+04 4.631451327622926328e-02
3.964500000000000000e+04 3.440530187435797416e-02
3.970500000000000000e+04 1.450437179300934076e-02
3.976500000000000000e+04 -7.388231635559350252e-03
3.982500000000000000e+04 -2.727246336507960223e-02
3.988500000000000000e+04 -5.414827863660320872e-02
3.994500000000000000e+04 -3.401563298484688858e-02
4.000500000000000000e+04 -2.087448224028776167e-02
4.006500000000000000e+04 -2.172478254396992270e-02
4.012500000000000000e+04 -3.056649033351277467e-02
4.018500000000000000e+04 -3.139956235463614576e-02
4.024500000000000000e+04 -4.222395567103376379e-02
4.030500000000000000e+04 -2.903962766413314966e-02
4.036500000000000000e+04 -2.684653603228071006e-02
4.042500000000000000e+04 -2.364463879894174170e-02
4.048500000000000000e+04 -2.543389431320974836e-02
4.054500000000000000e+04 -3.621426126665028278e-02
4.060500000000000000e+04 -4.898569867509650066e-02
4.066500000000000000e+04 -5.974816589423426194e-02
4.072500000000000000e+04 -3.150162263500533300e-02
4.078500000000000000e+04 -2.124602894127747277e-02
4.084500000000000000e+04 -1.398134521605243208e-02
4.090500000000000000e+04 -2.270753221091581509e-02
4.096500000000000000e+04 -2.242455104351392947e-02
4.102500000000000000e+04 -9.132363183198322076e-03
4.108500000000000000e+04 1.016906952918361640e-02
4.114500000000000000e+04 1.747978488219814608e-02
4.120500000000000000e+04 7.799820300533610862e-03
4.126500000000000000e+04 1.129212825617287308e-03
4.132500000000000000e+04 1.546799911920970771e-02
4.138500000000000000e+04 6.816215464823471848e-03
4.144500000000000000e+04 1.517389775563060539e-02
4.150500000000000000e+04 5.541081494811805896e-03
4.156500000000000000e+04 -1.208219820364320185e-02
4.162500000000000000e+04 -9.695906627712247428e-03
4.168500000000000000e+04 1.169999053399806144e-02
4.174500000000000000e+04 1.910552719436964253e-02
4.180500000000000000e+04 5.207368540141033009e-04
4.186500000000000000e+04 -5.054347398072422948e-03
4.192500000000000000e+04 -2.061969287842657650e-02
4.198500000000000000e+04 8.247326686614542268e-04
4.204500000000000000e+04 2.427896108565619215e-02
4.210500000000000000e+04 3.743023789866128936e-03
4.216500000000000000e+04 1.216951766764395870e-03
4.222500000000000000e+04 1.970077557507465826e-02
4.228500000000000000e+04 2.319452534084120998e-02
4.234500000000000000e+04 1.669823075371823506e-02
4.240500000000000000e+04 1.121192105983936926e-02
4.246500000000000000e+04 1.735625064611667767e-03
4.252500000000000000e+04 -5.730628873607201967e-03
4.258500000000000000e+04 -7.186812844338419382e-03
4.264500000000000000e+04 -1.263289939197420608e-02
4.270500000000000000e+04 -5.068861512881994713e-03
4.276500000000000000e+04 -4.494672669352439698e-03
4.282500000000000000e+04 8.089693225883820560e-03
4.288500000000000000e+04 1.068426178426307160e-02
4.294500000000000000e+04 5.289058156449755188e-03
4.300500000000000000e+04 4.904107021502568386e-03
4.306500000000000000e+04 -7.470567414202378131e-03
4.312500000000000000e+04 5.165058576494629961e-03
4.318500000000000000e+04 9.811008243559626862e-03
4.324500000000000000e+04 4.467304353966028430e-03
4.330500000000000000e+04 2.133969189344497863e-03
4.336500000000000000e+04 -3.188975450939324219e-03
4.342500000000000000e+04 1.449849173513939604e-02
4.348500000000000000e+04 2.019639155878394376e-02
4.354500000000000000e+04 1.690474433689814759e-02
4.360500000000000000e+04 -1.376430112941307016e-03
4.366500000000000000e+04 -1.864711247435479891e-02
4.372500000000000000e+04 -1.990728393593599321e-02
4.378500000000000000e+04 -5.156926192285027355e-03
4.384500000000000000e+04 -1.396021441905759275e-03
4.390500000000000000e+04 -6.245524054975248873e-04
4.396500000000000000e+04 -3.842502306724782102e-03
4.402500000000000000e+04 -9.049854893419251312e-03
4.408500000000000000e+04 -2.724659442810661858e-02
4.414500000000000000e+04 -1.443270569779997459e-02
4.420500000000000000e+04 -1.160817400977975922e-02
4.426500000000000000e+04 -3.077298520111071412e-02
4.432500000000000000e+04 -3.492712563365785172e-02
4.438500000000000000e+04 -2.707058220585167874e-02
4.444500000000000000e+04 -3.220334234174515586e-02
4.450500000000000000e+04 -3.932539400739187840e-02
4.456500000000000000e+04 -2.243672570330090821e-02
4.462500000000000000e+04 4.626735280908178538e-04
4.468500000000000000e+04 1.237281410340074217e-02
4.474500000000000000e+04 1.629370590126200113e-02
4.480500000000000000e+04 1.822535823976068059e-02
4.486500000000000000e+04 1.916777990300033707e-02
4.492500000000000000e+04 3.112097911616729107e-02
4.498500000000000000e+04 3.608496355536772171e-02
4.504500000000000000e+04 3.405974034103564918e-02
4.510500000000000000e+04 3.404531603609939339e-02
4.516500000000000000e+04 4.004169665131485090e-02
4.522500000000000000e+04 1.904888762783230050e-02
4.528500000000000000e+04 -5.933106148404476698e-03
4.534500000000000000e+04 -1.690428035726654343e-02
4.540500000000000000e+04 -2.286463124346482800e-02
4.546500000000000000e+04 -3.081415562064648839e-02
4.552500000000000000e+04 -2.375285087236989057e-02
4.558500000000000000e+04 -1.368071494925970910e-02
4.564500000000000000e+04 1.440225362148339627e-02
4.570500000000000000e+04 2.149605573958979221e-02
4.576500000000000000e+04 1.860069173108058749e-02
4.582500000000000000e+04 1.171616134706710000e-02
4.588500000000000000e+04 -1.157536252321733627e-03
4.594500000000000000e+04 -1.002040247385593830e-02
4.600500000000000000e+04 1.112756068869202863e-02
4.606500000000000000e+04 1.028635065722482977e-02
4.612500000000000000e+04 1.945596426958218217e-02
4.618500000000000000e+04 1.463639778012293391e-02
4.624500000000000000e+04 1.382764684967696667e-02
4.630500000000000000e+04 -9.702934376036864705e-04
4.636500000000000000e+04 -2.475742860315222060e-02
4.642500000000000000e+04 -2.953376474670221796e-02
4.648500000000000000e+04 -1.429930856829741970e-02
4.654500000000000000e+04 3.945932645365246572e-03
4.660500000000000000e+04 1.320195100834098412e-02
4.666500000000000000e+04 -1.253126196297671413e-02
4.672500000000000000e+04 -1.925371534071018687e-02
4.678500000000000000e+04 -2.096541880382574163e-02
4.684500000000000000e+04 -3.066638262407650473e-02
4.690500000000000000e+04 -1.235661767441342818e-02
4.696500000000000000e+04 -2.603613543215033133e-02
4.702500000000000000e+04 -2.670494796711864183e-02
4.708500000000000000e+04 3.636932040535612032e-03
4.714500000000000000e+04 2.698949131172412308e-02
4.720500000000000000e+04 2.035271596014354145e-02
4.726500000000000000e+04 4.726591498183552176e-03
4.732500000000000000e+04 -2.888897168304538354e-03
4.738500000000000000e+04 -5.493765736900968477e-03
4.744500000000000000e+04 -5.088030516162689310e-03
4.750500000000000000e+04 -4.671708419664355461e-03
4.756500000000000000e+04 -6.244816965590871405e-03
4.762500000000000000e+04 -2.807374285112018697e-03
4.768500000000000000e+04 5.640600883452862035e-03
4.774500000000000000e+04 1.709908919747249456e-02
4.780500000000000000e+04 3.356807069940259680e-02
4.786500000000000000e+04 3.004752482411277015e-02
4.792500000000000000e+04 3.053743039345135912e-02
4.798500000000000000e+04 2.603776562773418846e-02
4.804500000000000000e+04 1.254850812347285682e-02
4.810500000000000000e+04 5.069634879873774480e-03
4.816500000000000000e+04 6.601122275242232718e-03
4.822500000000000000e+04 7.142946084968571085e-03
4.828500000000000000e+04 1.269508146469888743e-02
4.834500000000000000e+04 2.225750296747719403e-02
4.840500000000000000e+04 2.483018452676333254e-02
4.846500000000000000e+04 1.941309947324043605e-02
4.852500000000000000e+04 9.006220521769137122e-03
4.858500000000000000e+04 -6.390480223672057036e-03
4.864500000000000000e+04 -1.077703126884443918e-02
4.870500000000000000e+04 -1.015346172880526865e-02
