#YY  MM DD hh mm ss T   HEIGHT
#yr  mo dy hr mn  s -        m
2011 03 13 18 00 00 1 3232.791
2011 03 13 17 45 00 1 3232.793
2011 03 13 17 30 00 1 3232.794
2011 03 13 17 15 00 1 3232.816
2011 03 13 17 00 00 1 3232.842
2011 03 13 16 45 00 1 3232.869
2011 03 13 16 30 00 1 3232.878
2011 03 13 16 15 00 1 3232.887
2011 03 13 16 00 00 1 3232.897
2011 03 13 15 45 00 1 3232.951
2011 03 13 15 30 00 1 3232.944
2011 03 13 15 15 00 1 3232.949
2011 03 13 15 00 00 1 3232.953
2011 03 13 14 45 00 1 3232.990
2011 03 13 14 30 00 1 3232.997
2011 03 13 14 15 00 1 3233.003
2011 03 13 14 00 00 1 3233.013
2011 03 13 13 45 00 1 3233.029
2011 03 13 13 30 00 1 3233.044
2011 03 13 13 15 00 1 3233.029
2011 03 13 13 00 00 1 3233.063
2011 03 13 12 45 00 1 3233.052
2011 03 13 12 30 00 1 3233.058
2011 03 13 12 15 00 1 3233.078
2011 03 13 12 00 00 1 3233.073
2011 03 13 11 45 00 1 3233.063
2011 03 13 11 30 00 1 3233.097
2011 03 13 11 15 00 1 3233.096
2011 03 13 11 00 00 1 3233.092
2011 03 13 10 45 00 1 3233.132
2011 03 13 10 30 00 1 3233.103
2011 03 13 10 15 00 1 3233.094
2011 03 13 10 00 00 1 3233.126
2011 03 13 09 45 00 1 3233.114
2011 03 13 09 30 00 1 3233.129
2011 03 13 09 15 00 1 3233.154
2011 03 13 09 00 00 1 3233.147
2011 03 13 08 45 00 1 3233.156
2011 03 13 08 30 00 1 3233.177
2011 03 13 08 15 00 1 3233.169
2011 03 13 08 00 00 1 3233.194
2011 03 13 07 45 00 1 3233.194
2011 03 13 07 30 00 1 3233.222
2011 03 13 07 15 00 1 3233.194
2011 03 13 07 00 00 1 3233.245
2011 03 13 06 45 00 1 3233.237
2011 03 13 06 30 00 1 3233.244
2011 03 13 06 15 00 1 3233.245
2011 03 13 06 00 00 1 3233.259
2011 03 13 05 45 00 1 3233.265
2011 03 13 05 30 00 1 3233.276
2011 03 13 05 15 00 1 3233.273
2011 03 13 05 00 00 1 3233.274
2011 03 13 04 45 00 1 3233.279
2011 03 13 04 30 00 1 3233.272
2011 03 13 04 15 00 1 3233.278
2011 03 13 04 00 00 1 3233.278
2011 03 13 03 45 00 1 3233.253
2011 03 13 03 30 00 1 3233.262
2011 03 13 03 15 00 1 3233.238
2011 03 13 03 00 00 1 3233.237
2011 03 13 02 45 00 1 3233.238
2011 03 13 02 30 00 1 3233.207
2011 03 13 02 15 00 1 3233.204
2011 03 13 02 00 00 1 3233.183
2011 03 13 01 45 00 1 3233.185
2011 03 13 01 30 00 1 3233.159
2011 03 13 01 15 00 1 3233.120
2011 03 13 01 00 00 1 3233.105
2011 03 13 00 45 00 1 3233.097
2011 03 13 00 30 00 1 3233.085
2011 03 13 00 15 00 1 3233.060
2011 03 13 00 00 00 1 3233.029
2011 03 12 23 45 00 1 3233.003
2011 03 12 23 30 00 1 3232.995
2011 03 12 23 15 00 1 3233.000
2011 03 12 23 00 00 1 3232.958
2011 03 12 22 45 00 1 3232.916
2011 03 12 22 30 00 1 3232.954
2011 03 12 22 15 00 1 3232.915
2011 03 12 22 00 00 1 3232.901
2011 03 12 21 45 00 1 3232.889
2011 03 12 21 30 00 1 3232.881
2011 03 12 21 15 00 1 3232.864
2011 03 12 21 00 00 1 3232.858
2011 03 12 20 45 00 1 3232.870
2011 03 12 20 30 00 1 3232.877
2011 03 12 20 15 00 1 3232.853
2011 03 12 20 00 00 1 3232.836
2011 03 12 19 45 00 1 3232.852
2011 03 12 19 30 00 1 3232.867
2011 03 12 19 15 00 1 3232.837
2011 03 12 19 00 00 1 3232.834
2011 03 12 18 45 00 1 3232.887
2011 03 12 18 30 00 1 3232.845
2011 03 12 18 15 00 1 3232.870
2011 03 12 18 00 00 1 3232.861
2011 03 12 17 45 00 1 3232.891
2011 03 12 17 30 00 1 3232.892
2011 03 12 17 15 00 1 3232.875
2011 03 12 17 00 00 1 3232.912
2011 03 12 16 45 00 1 3232.909
2011 03 12 16 30 00 1 3232.920
2011 03 12 16 15 00 1 3232.895
2011 03 12 16 00 00 1 3232.934
2011 03 12 15 45 00 1 3232.928
2011 03 12 15 30 00 1 3232.933
2011 03 12 15 15 00 1 3232.948
2011 03 12 15 00 00 1 3232.913
2011 03 12 14 45 00 1 3232.923
2011 03 12 14 30 00 1 3232.985
2011 03 12 14 15 00 1 3232.973
2011 03 12 14 00 00 1 3232.933
2011 03 12 13 45 00 1 3232.952
2011 03 12 13 30 00 1 3232.948
2011 03 12 13 15 00 1 3232.973
2011 03 12 13 00 00 1 3232.955
2011 03 12 12 45 00 1 3232.958
2011 03 12 12 30 00 1 3232.943
2011 03 12 12 15 00 1 3232.964
2011 03 12 12 00 00 1 3232.965
2011 03 12 11 45 00 1 3232.958
2011 03 12 11 30 00 1 3232.954
2011 03 12 11 15 00 1 3232.966
2011 03 12 11 00 00 1 3233.009
2011 03 12 10 45 00 1 3232.994
2011 03 12 10 30 00 1 3232.983
2011 03 12 10 15 00 1 3233.035
2011 03 12 10 00 00 1 3233.049
2011 03 12 09 45 00 1 3233.027
2011 03 12 09 30 00 1 3233.092
2011 03 12 09 15 00 1 3233.065
2011 03 12 09 00 00 1 3233.102
2011 03 12 08 45 00 1 3233.117
2011 03 12 08 30 00 1 3233.155
2011 03 12 08 15 00 1 3233.153
2011 03 12 08 00 00 1 3233.165
2011 03 12 07 45 00 1 3233.199
2011 03 12 07 30 00 1 3233.226
2011 03 12 07 15 00 1 3233.216
2011 03 12 06 59 00 2 3233.234
2011 03 12 06 58 00 2 3233.235
2011 03 12 06 57 00 2 3233.214
2011 03 12 06 56 00 2 3233.206
2011 03 12 06 55 00 2 3233.194
2011 03 12 06 54 00 2 3233.203
2011 03 12 06 53 00 2 3233.214
2011 03 12 06 52 00 2 3233.208
2011 03 12 06 51 00 2 3233.212
2011 03 12 06 50 00 2 3233.238
2011 03 12 06 49 00 2 3233.251
2011 03 12 06 48 00 2 3233.246
2011 03 12 06 47 00 2 3233.242
2011 03 12 06 46 00 2 3233.235
2011 03 12 06 45 00 2 3233.230
2011 03 12 06 44 00 2 3233.250
2011 03 12 06 43 00 2 3233.256
2011 03 12 06 42 00 2 3233.235
2011 03 12 06 41 00 2 3233.253
2011 03 12 06 40 00 2 3233.262
2011 03 12 06 39 00 2 3233.272
2011 03 12 06 38 00 2 3233.277
2011 03 12 06 37 00 2 3233.283
2011 03 12 06 36 00 2 3233.280
2011 03 12 06 35 00 2 3233.299
2011 03 12 06 34 00 2 3233.300
2011 03 12 06 33 00 2 3233.297
2011 03 12 06 32 00 2 3233.305
2011 03 12 06 31 00 2 3233.288
2011 03 12 06 30 00 2 3233.293
2011 03 12 06 29 00 2 3233.278
2011 03 12 06 28 00 2 3233.280
2011 03 12 06 27 00 2 3233.290
2011 03 12 06 26 00 2 3233.298
2011 03 12 06 25 00 2 3233.304
2011 03 12 06 24 00 2 3233.302
2011 03 12 06 23 00 2 3233.300
2011 03 12 06 22 00 2 3233.298
2011 03 12 06 21 00 2 3233.314
2011 03 12 06 20 00 2 3233.301
2011 03 12 06 19 00 2 3233.310
2011 03 12 06 18 00 2 3233.299
2011 03 12 06 17 00 2 3233.303
2011 03 12 06 16 00 2 3233.319
2011 03 12 06 15 00 2 3233.299
2011 03 12 06 14 00 2 3233.296
2011 03 12 06 13 00 2 3233.300
2011 03 12 06 12 00 2 3233.294
2011 03 12 06 11 00 2 3233.293
2011 03 12 06 10 00 2 3233.304
2011 03 12 06 09 00 2 3233.309
2011 03 12 06 08 00 2 3233.312
2011 03 12 06 07 00 2 3233.310
2011 03 12 06 06 00 2 3233.303
2011 03 12 06 05 00 2 3233.300
2011 03 12 06 04 00 2 3233.311
2011 03 12 06 03 00 2 3233.322
2011 03 12 06 02 00 2 3233.316
2011 03 12 06 01 00 2 3233.298
2011 03 12 06 00 00 2 3233.302
2011 03 12 05 59 00 2 3233.301
2011 03 12 05 58 00 2 3233.286
2011 03 12 05 57 00 2 3233.296
2011 03 12 05 56 00 2 3233.298
2011 03 12 05 55 00 2 3233.313
2011 03 12 05 54 00 2 3233.310
2011 03 12 05 53 00 2 3233.291
2011 03 12 05 52 00 2 3233.305
2011 03 12 05 51 00 2 3233.309
2011 03 12 05 50 00 2 3233.303
2011 03 12 05 49 00 2 3233.302
2011 03 12 05 48 00 2 3233.301
2011 03 12 05 47 00 2 3233.300
2011 03 12 05 46 00 2 3233.271
2011 03 12 05 45 00 2 3233.261
2011 03 12 05 44 00 2 3233.289
2011 03 12 05 43 00 2 3233.302
2011 03 12 05 42 00 2 3233.314
2011 03 12 05 41 00 2 3233.319
2011 03 12 05 40 00 2 3233.318
2011 03 12 05 39 00 2 3233.324
2011 03 12 05 38 00 2 3233.325
2011 03 12 05 37 00 2 3233.322
2011 03 12 05 36 00 2 3233.334
2011 03 12 05 35 00 2 3233.320
2011 03 12 05 34 00 2 3233.305
2011 03 12 05 33 00 2 3233.313
2011 03 12 05 32 00 2 3233.289
2011 03 12 05 31 00 2 3233.297
2011 03 12 05 30 00 2 3233.300
2011 03 12 05 29 00 2 3233.284
2011 03 12 05 28 00 2 3233.278
2011 03 12 05 27 00 2 3233.270
2011 03 12 05 26 00 2 3233.297
2011 03 12 05 25 00 2 3233.310
2011 03 12 05 24 00 2 3233.310
2011 03 12 05 23 00 2 3233.306
2011 03 12 05 22 00 2 3233.311
2011 03 12 05 21 00 2 3233.313
2011 03 12 05 20 00 2 3233.313
2011 03 12 05 19 00 2 3233.336
2011 03 12 05 18 00 2 3233.324
2011 03 12 05 17 00 2 3233.322
2011 03 12 05 16 00 2 3233.328
2011 03 12 05 15 00 2 3233.322
2011 03 12 05 14 00 2 3233.342
2011 03 12 05 13 00 2 3233.347
2011 03 12 05 12 00 2 3233.339
2011 03 12 05 11 00 2 3233.348
2011 03 12 05 10 00 2 3233.349
2011 03 12 05 09 00 2 3233.343
2011 03 12 05 08 00 2 3233.340
2011 03 12 05 07 00 2 3233.331
2011 03 12 05 06 00 2 3233.330
2011 03 12 05 05 00 2 3233.324
2011 03 12 05 04 00 2 3233.300
2011 03 12 05 03 00 2 3233.293
2011 03 12 05 02 00 2 3233.300
2011 03 12 05 01 00 2 3233.296
2011 03 12 05 00 00 2 3233.285
2011 03 12 04 59 00 2 3233.291
2011 03 12 04 58 00 2 3233.313
2011 03 12 04 57 00 2 3233.321
2011 03 12 04 56 00 2 3233.307
2011 03 12 04 55 00 2 3233.305
2011 03 12 04 54 00 2 3233.305
2011 03 12 04 53 00 2 3233.284
2011 03 12 04 52 00 2 3233.282
2011 03 12 04 51 00 2 3233.301
2011 03 12 04 50 00 2 3233.302
2011 03 12 04 49 00 2 3233.309
2011 03 12 04 48 00 2 3233.298
2011 03 12 04 47 00 2 3233.288
2011 03 12 04 46 00 2 3233.329
2011 03 12 04 45 00 2 3233.335
2011 03 12 04 44 00 2 3233.332
2011 03 12 04 43 00 2 3233.359
2011 03 12 04 42 00 2 3233.355
2011 03 12 04 41 00 2 3233.344
2011 03 12 04 40 00 2 3233.349
2011 03 12 04 39 00 2 3233.364
2011 03 12 04 38 00 2 3233.353
2011 03 12 04 37 00 2 3233.329
2011 03 12 04 36 00 2 3233.342
2011 03 12 04 35 00 2 3233.327
2011 03 12 04 34 00 2 3233.320
2011 03 12 04 33 00 2 3233.321
2011 03 12 04 32 00 2 3233.309
2011 03 12 04 31 00 2 3233.320
2011 03 12 04 30 00 2 3233.312
2011 03 12 04 29 00 2 3233.307
2011 03 12 04 28 00 2 3233.325
2011 03 12 04 27 00 2 3233.319
2011 03 12 04 26 00 2 3233.303
2011 03 12 04 25 00 2 3233.302
2011 03 12 04 24 00 2 3233.309
2011 03 12 04 23 00 2 3233.301
2011 03 12 04 22 00 2 3233.302
2011 03 12 04 21 00 2 3233.292
2011 03 12 04 20 00 2 3233.279
2011 03 12 04 19 00 2 3233.293
2011 03 12 04 18 00 2 3233.282
2011 03 12 04 17 00 2 3233.274
2011 03 12 04 16 00 2 3233.274
2011 03 12 04 15 00 2 3233.267
2011 03 12 04 14 00 2 3233.298
2011 03 12 04 13 00 2 3233.308
2011 03 12 04 12 00 2 3233.312
2011 03 12 04 11 00 2 3233.315
2011 03 12 04 10 00 2 3233.300
2011 03 12 04 09 00 2 3233.292
2011 03 12 04 08 00 2 3233.287
2011 03 12 04 07 00 2 3233.290
2011 03 12 04 06 00 2 3233.286
2011 03 12 04 05 00 2 3233.270
2011 03 12 04 04 00 2 3233.284
2011 03 12 04 03 00 2 3233.269
2011 03 12 04 02 00 2 3233.266
2011 03 12 04 01 00 2 3233.269
2011 03 12 04 00 00 2 3233.262
2011 03 12 03 59 00 2 3233.258
2011 03 12 03 58 00 2 3233.260
2011 03 12 03 57 00 2 3233.272
2011 03 12 03 56 00 2 3233.254
2011 03 12 03 55 00 2 3233.247
2011 03 12 03 54 00 2 3233.256
2011 03 12 03 53 00 2 3233.247
2011 03 12 03 52 00 2 3233.274
2011 03 12 03 51 00 2 3233.287
2011 03 12 03 50 00 2 3233.296
2011 03 12 03 49 00 2 3233.326
2011 03 12 03 48 00 2 3233.331
2011 03 12 03 47 00 2 3233.323
2011 03 12 03 46 00 2 3233.317
2011 03 12 03 45 00 2 3233.318
2011 03 12 03 44 00 2 3233.322
2011 03 12 03 43 00 2 3233.326
2011 03 12 03 42 00 2 3233.324
2011 03 12 03 41 00 2 3233.322
2011 03 12 03 40 00 2 3233.319
2011 03 12 03 39 00 2 3233.303
2011 03 12 03 38 00 2 3233.315
2011 03 12 03 37 00 2 3233.344
2011 03 12 03 36 00 2 3233.333
2011 03 12 03 35 00 2 3233.308
2011 03 12 03 34 00 2 3233.285
2011 03 12 03 33 00 2 3233.277
2011 03 12 03 32 00 2 3233.262
2011 03 12 03 31 00 2 3233.250
2011 03 12 03 30 00 2 3233.257
2011 03 12 03 29 00 2 3233.253
2011 03 12 03 28 00 2 3233.263
2011 03 12 03 27 00 2 3233.265
2011 03 12 03 26 00 2 3233.279
2011 03 12 03 25 00 2 3233.304
2011 03 12 03 24 00 2 3233.304
2011 03 12 03 23 00 2 3233.323
2011 03 12 03 22 00 2 3233.335
2011 03 12 03 21 00 2 3233.327
2011 03 12 03 20 00 2 3233.332
2011 03 12 03 19 00 2 3233.305
2011 03 12 03 18 00 2 3233.299
2011 03 12 03 17 00 2 3233.296
2011 03 12 03 16 00 2 3233.275
2011 03 12 03 15 00 2 3233.266
2011 03 12 03 14 00 2 3233.246
2011 03 12 03 13 00 2 3233.237
2011 03 12 03 12 00 2 3233.235
2011 03 12 03 11 00 2 3233.219
2011 03 12 03 10 00 2 3233.226
2011 03 12 03 09 00 2 3233.214
2011 03 12 03 08 00 2 3233.219
2011 03 12 03 07 00 2 3233.225
2011 03 12 03 06 00 2 3233.197
2011 03 12 03 05 00 2 3233.203
2011 03 12 03 04 00 2 3233.214
2011 03 12 03 03 00 2 3233.212
2011 03 12 03 02 00 2 3233.233
2011 03 12 03 01 00 2 3233.234
2011 03 12 03 00 00 1 3233.225
2011 03 12 02 59 00 2 3233.230
2011 03 12 02 58 00 2 3233.248
2011 03 12 02 57 00 2 3233.249
2011 03 12 02 56 00 2 3233.242
2011 03 12 02 55 00 2 3233.252
2011 03 12 02 54 00 2 3233.253
2011 03 12 02 53 00 2 3233.255
2011 03 12 02 52 00 2 3233.251
2011 03 12 02 51 00 2 3233.235
2011 03 12 02 50 00 2 3233.232
2011 03 12 02 49 00 2 3233.217
2011 03 12 02 48 00 2 3233.210
2011 03 12 02 47 00 2 3233.211
2011 03 12 02 46 00 2 3233.203
2011 03 12 02 45 00 1 3233.253
2011 03 12 02 44 00 2 3233.245
2011 03 12 02 43 00 2 3233.222
2011 03 12 02 42 00 2 3233.252
2011 03 12 02 41 00 2 3233.271
2011 03 12 02 40 00 2 3233.263
2011 03 12 02 39 00 2 3233.265
2011 03 12 02 38 00 2 3233.248
2011 03 12 02 37 00 2 3233.252
2011 03 12 02 36 00 2 3233.259
2011 03 12 02 35 00 2 3233.238
2011 03 12 02 34 00 2 3233.235
2011 03 12 02 33 00 2 3233.240
2011 03 12 02 32 00 2 3233.224
2011 03 12 02 31 00 2 3233.211
2011 03 12 02 30 00 1 3233.187
2011 03 12 02 29 00 2 3233.191
2011 03 12 02 28 00 2 3233.208
2011 03 12 02 27 00 2 3233.200
2011 03 12 02 26 00 2 3233.188
2011 03 12 02 25 00 2 3233.185
2011 03 12 02 24 00 2 3233.179
2011 03 12 02 23 00 2 3233.185
2011 03 12 02 22 00 2 3233.193
2011 03 12 02 21 00 2 3233.171
2011 03 12 02 20 00 2 3233.150
2011 03 12 02 19 00 2 3233.160
2011 03 12 02 18 00 2 3233.160
2011 03 12 02 17 00 2 3233.152
2011 03 12 02 16 00 2 3233.153
2011 03 12 02 15 00 1 3233.202
2011 03 12 02 14 00 2 3233.200
2011 03 12 02 13 00 2 3233.181
2011 03 12 02 12 00 2 3233.185
2011 03 12 02 11 00 2 3233.205
2011 03 12 02 10 00 2 3233.190
2011 03 12 02 09 00 2 3233.194
2011 03 12 02 08 00 2 3233.202
2011 03 12 02 07 00 2 3233.193
2011 03 12 02 06 00 2 3233.204
2011 03 12 02 05 00 2 3233.184
2011 03 12 02 04 00 2 3233.160
2011 03 12 02 03 00 2 3233.179
2011 03 12 02 02 00 2 3233.170
2011 03 12 02 01 00 2 3233.163
2011 03 12 02 00 00 2 3233.175
2011 03 12 01 59 00 2 3233.171
2011 03 12 01 58 00 2 3233.189
2011 03 12 01 57 00 2 3233.195
2011 03 12 01 56 00 2 3233.173
2011 03 12 01 55 00 2 3233.170
2011 03 12 01 54 00 2 3233.151
2011 03 12 01 53 00 2 3233.143
2011 03 12 01 52 00 2 3233.161
2011 03 12 01 51 00 2 3233.142
2011 03 12 01 50 00 2 3233.135
2011 03 12 01 49 00 2 3233.157
2011 03 12 01 48 00 2 3233.158
2011 03 12 01 47 00 2 3233.147
2011 03 12 01 46 00 2 3233.146
2011 03 12 01 45 00 2 3233.150
2011 03 12 01 44 00 2 3233.152
2011 03 12 01 43 00 2 3233.148
2011 03 12 01 42 00 2 3233.152
2011 03 12 01 41 00 2 3233.151
2011 03 12 01 40 00 2 3233.146
2011 03 12 01 39 00 2 3233.153
2011 03 12 01 38 00 2 3233.144
2011 03 12 01 37 00 2 3233.138
2011 03 12 01 36 00 2 3233.159
2011 03 12 01 35 00 2 3233.142
2011 03 12 01 34 00 2 3233.122
2011 03 12 01 33 00 2 3233.152
2011 03 12 01 32 00 2 3233.157
2011 03 12 01 31 00 2 3233.137
2011 03 12 01 30 00 2 3233.134
2011 03 12 01 29 00 2 3233.118
2011 03 12 01 28 00 2 3233.113
2011 03 12 01 27 00 2 3233.130
2011 03 12 01 26 00 2 3233.123
2011 03 12 01 25 00 2 3233.116
2011 03 12 01 24 00 2 3233.118
2011 03 12 01 23 00 2 3233.099
2011 03 12 01 22 00 2 3233.101
2011 03 12 01 21 00 2 3233.114
2011 03 12 01 20 00 2 3233.105
2011 03 12 01 19 00 2 3233.123
2011 03 12 01 18 00 2 3233.141
2011 03 12 01 17 00 2 3233.112
2011 03 12 01 16 00 2 3233.103
2011 03 12 01 15 00 2 3233.117
2011 03 12 01 14 00 2 3233.100
2011 03 12 01 13 00 2 3233.075
2011 03 12 01 12 00 2 3233.075
2011 03 12 01 11 00 2 3233.093
2011 03 12 01 10 00 2 3233.093
2011 03 12 01 09 00 2 3233.082
2011 03 12 01 08 00 2 3233.093
2011 03 12 01 07 00 2 3233.107
2011 03 12 01 06 00 2 3233.085
2011 03 12 01 05 00 2 3233.061
2011 03 12 01 04 00 2 3233.061
2011 03 12 01 03 00 2 3233.063
2011 03 12 01 02 00 2 3233.063
2011 03 12 01 01 00 2 3233.080
2011 03 12 01 00 00 2 3233.083
2011 03 12 00 59 00 2 3233.068
2011 03 12 00 58 00 2 3233.063
2011 03 12 00 57 00 2 3233.085
2011 03 12 00 56 00 2 3233.106
2011 03 12 00 55 00 2 3233.105
2011 03 12 00 54 00 2 3233.101
2011 03 12 00 53 00 2 3233.107
2011 03 12 00 52 00 2 3233.114
2011 03 12 00 51 00 2 3233.109
2011 03 12 00 50 00 2 3233.093
2011 03 12 00 49 00 2 3233.076
2011 03 12 00 48 00 2 3233.073
2011 03 12 00 47 00 2 3233.065
2011 03 12 00 46 00 2 3233.056
2011 03 12 00 45 00 2 3233.060
2011 03 12 00 44 00 2 3233.053
2011 03 12 00 43 00 2 3233.038
2011 03 12 00 42 00 2 3233.050
2011 03 12 00 41 00 2 3233.055
2011 03 12 00 40 00 2 3233.034
2011 03 12 00 39 00 2 3233.053
2011 03 12 00 38 00 2 3233.070
2011 03 12 00 37 00 2 3233.049
2011 03 12 00 36 00 2 3233.054
2011 03 12 00 35 00 2 3233.071
2011 03 12 00 34 00 2 3233.055
2011 03 12 00 33 00 2 3233.045
2011 03 12 00 32 00 2 3233.041
2011 03 12 00 31 00 2 3233.033
2011 03 12 00 30 00 2 3233.042
2011 03 12 00 29 00 2 3233.041
2011 03 12 00 28 00 2 3233.019
2011 03 12 00 27 00 2 3233.020
2011 03 12 00 26 00 2 3233.030
2011 03 12 00 25 00 2 3233.021
2011 03 12 00 24 00 2 3233.037
2011 03 12 00 23 00 2 3233.076
2011 03 12 00 22 00 2 3233.080
2011 03 12 00 21 00 2 3233.072
2011 03 12 00 20 00 2 3233.077
2011 03 12 00 19 00 2 3233.078
2011 03 12 00 18 00 2 3233.061
2011 03 12 00 17 00 2 3233.052
2011 03 12 00 16 00 2 3233.050
2011 03 12 00 15 00 2 3233.030
2011 03 12 00 14 00 2 3232.995
2011 03 12 00 13 00 2 3232.993
2011 03 12 00 12 00 2 3233.027
2011 03 12 00 11 00 2 3233.035
2011 03 12 00 10 00 2 3233.007
2011 03 12 00 09 00 2 3233.013
2011 03 12 00 08 00 2 3233.045
2011 03 12 00 07 00 2 3233.039
2011 03 12 00 06 00 2 3233.006
2011 03 12 00 05 00 2 3232.996
2011 03 12 00 04 00 2 3233.003
2011 03 12 00 03 00 2 3233.003
2011 03 12 00 02 00 2 3232.984
2011 03 12 00 01 00 2 3232.966
2011 03 12 00 00 00 2 3232.970
2011 03 11 23 59 00 2 3232.990
2011 03 11 23 58 00 2 3232.994
2011 03 11 23 57 00 2 3232.982
2011 03 11 23 56 00 2 3232.992
2011 03 11 23 55 00 2 3233.020
2011 03 11 23 54 00 2 3233.008
2011 03 11 23 53 00 2 3232.971
2011 03 11 23 52 00 2 3232.973
2011 03 11 23 51 00 2 3233.004
2011 03 11 23 50 00 2 3232.995
2011 03 11 23 49 00 2 3232.985
2011 03 11 23 48 00 2 3233.004
2011 03 11 23 47 00 2 3232.999
2011 03 11 23 46 00 2 3232.956
2011 03 11 23 45 00 2 3232.951
2011 03 11 23 44 00 2 3232.983
2011 03 11 23 43 00 2 3232.982
2011 03 11 23 42 00 2 3232.958
2011 03 11 23 41 00 2 3232.966
2011 03 11 23 40 00 2 3232.990
2011 03 11 23 39 00 2 3232.989
2011 03 11 23 38 00 2 3232.968
2011 03 11 23 37 00 2 3232.967
2011 03 11 23 36 00 2 3232.994
2011 03 11 23 35 00 2 3233.007
2011 03 11 23 34 00 2 3232.983
2011 03 11 23 33 00 2 3232.969
2011 03 11 23 32 00 2 3233.000
2011 03 11 23 31 00 2 3233.016
2011 03 11 23 30 00 2 3232.995
2011 03 11 23 29 00 2 3232.982
2011 03 11 23 28 00 2 3232.975
2011 03 11 23 27 00 2 3232.950
2011 03 11 23 26 00 2 3232.953
2011 03 11 23 25 00 2 3232.981
2011 03 11 23 24 00 2 3232.970
2011 03 11 23 23 00 2 3232.947
2011 03 11 23 22 00 2 3232.980
2011 03 11 23 21 00 2 3233.020
2011 03 11 23 20 00 2 3233.002
2011 03 11 23 19 00 2 3232.968
2011 03 11 23 18 00 2 3232.961
2011 03 11 23 17 00 2 3232.978
2011 03 11 23 16 00 2 3232.996
2011 03 11 23 15 00 2 3232.996
2011 03 11 23 14 00 2 3232.954
2011 03 11 23 13 00 2 3232.920
2011 03 11 23 12 00 2 3232.949
2011 03 11 23 11 00 2 3232.970
2011 03 11 23 10 00 2 3232.934
2011 03 11 23 09 00 2 3232.905
2011 03 11 23 08 00 2 3232.920
2011 03 11 23 07 00 2 3232.941
2011 03 11 23 06 00 2 3232.942
2011 03 11 23 05 00 2 3232.948
2011 03 11 23 04 00 2 3232.954
2011 03 11 23 03 00 2 3232.957
2011 03 11 23 02 00 2 3232.966
2011 03 11 23 01 00 2 3232.942
2011 03 11 23 00 00 2 3232.887
2011 03 11 22 59 00 2 3232.888
2011 03 11 22 58 00 2 3232.932
2011 03 11 22 57 00 2 3232.923
2011 03 11 22 56 00 2 3232.879
2011 03 11 22 55 00 2 3232.899
2011 03 11 22 54 00 2 3232.944
2011 03 11 22 53 00 2 3232.919
2011 03 11 22 52 00 2 3232.894
2011 03 11 22 51 00 2 3232.938
2011 03 11 22 50 00 2 3232.956
2011 03 11 22 49 00 2 3232.913
2011 03 11 22 48 00 2 3232.901
2011 03 11 22 47 00 2 3232.945
2011 03 11 22 46 00 2 3232.961
2011 03 11 22 45 00 2 3232.951
2011 03 11 22 44 00 2 3232.963
2011 03 11 22 43 00 2 3232.961
2011 03 11 22 42 00 2 3232.915
2011 03 11 22 41 00 2 3232.908
2011 03 11 22 40 00 2 3232.941
2011 03 11 22 39 00 2 3232.922
2011 03 11 22 38 00 2 3232.863
2011 03 11 22 37 00 2 3232.872
2011 03 11 22 36 00 2 3232.926
2011 03 11 22 35 00 2 3232.912
2011 03 11 22 34 00 2 3232.862
2011 03 11 22 33 00 2 3232.872
2011 03 11 22 32 00 2 3232.914
2011 03 11 22 31 00 2 3232.907
2011 03 11 22 30 00 2 3232.889
2011 03 11 22 29 00 2 3232.901
2011 03 11 22 28 00 2 3232.898
2011 03 11 22 27 00 2 3232.874
2011 03 11 22 26 00 2 3232.885
2011 03 11 22 25 00 2 3232.924
2011 03 11 22 24 00 2 3232.919
2011 03 11 22 23 00 2 3232.898
2011 03 11 22 22 00 2 3232.931
2011 03 11 22 21 00 2 3232.988
2011 03 11 22 20 00 2 3232.972
2011 03 11 22 19 00 2 3232.920
2011 03 11 22 18 00 2 3232.925
2011 03 11 22 17 00 2 3232.966
2011 03 11 22 16 00 2 3232.959
2011 03 11 22 15 00 2 3232.916
2011 03 11 22 14 00 2 3232.900
2011 03 11 22 13 00 2 3232.910
2011 03 11 22 12 00 2 3232.901
2011 03 11 22 11 00 2 3232.896
2011 03 11 22 10 00 2 3232.911
2011 03 11 22 09 00 2 3232.904
2011 03 11 22 08 00 2 3232.868
2011 03 11 22 07 00 2 3232.852
2011 03 11 22 06 00 2 3232.883
2011 03 11 22 05 00 2 3232.920
2011 03 11 22 04 00 2 3232.915
2011 03 11 22 03 00 2 3232.879
2011 03 11 22 02 00 2 3232.850
2011 03 11 22 01 00 2 3232.842
2011 03 11 22 00 00 2 3232.851
2011 03 11 21 59 00 2 3232.869
2011 03 11 21 58 00 2 3232.884
2011 03 11 21 57 00 2 3232.887
2011 03 11 21 56 00 2 3232.889
2011 03 11 21 55 00 2 3232.905
2011 03 11 21 54 00 2 3232.920
2011 03 11 21 53 00 2 3232.913
2011 03 11 21 52 00 2 3232.899
2011 03 11 21 51 00 2 3232.906
2011 03 11 21 50 00 2 3232.914
2011 03 11 21 49 00 2 3232.895
2011 03 11 21 48 00 2 3232.864
2011 03 11 21 47 00 2 3232.867
2011 03 11 21 46 00 2 3232.904
2011 03 11 21 45 00 2 3232.939
2011 03 11 21 44 00 2 3232.934
2011 03 11 21 43 00 2 3232.916
2011 03 11 21 42 00 2 3232.922
2011 03 11 21 41 00 2 3232.943
2011 03 11 21 40 00 2 3232.945
2011 03 11 21 39 00 2 3232.934
2011 03 11 21 38 00 2 3232.926
2011 03 11 21 37 00 2 3232.923
2011 03 11 21 36 00 2 3232.903
2011 03 11 21 35 00 2 3232.870
2011 03 11 21 34 00 2 3232.855
2011 03 11 21 33 00 2 3232.869
2011 03 11 21 32 00 2 3232.887
2011 03 11 21 31 00 2 3232.887
2011 03 11 21 30 00 2 3232.878
2011 03 11 21 29 00 2 3232.873
2011 03 11 21 28 00 2 3232.873
2011 03 11 21 27 00 2 3232.869
2011 03 11 21 26 00 2 3232.874
2011 03 11 21 25 00 2 3232.899
2011 03 11 21 24 00 2 3232.922
2011 03 11 21 23 00 2 3232.917
2011 03 11 21 22 00 2 3232.879
2011 03 11 21 21 00 2 3232.843
2011 03 11 21 20 00 2 3232.845
2011 03 11 21 19 00 2 3232.886
2011 03 11 21 18 00 2 3232.935
2011 03 11 21 17 00 2 3232.952
2011 03 11 21 16 00 2 3232.932
2011 03 11 21 15 00 2 3232.892
2011 03 11 21 14 00 2 3232.859
2011 03 11 21 13 00 2 3232.857
2011 03 11 21 12 00 2 3232.885
2011 03 11 21 11 00 2 3232.916
2011 03 11 21 10 00 2 3232.923
2011 03 11 21 09 00 2 3232.898
2011 03 11 21 08 00 2 3232.855
2011 03 11 21 07 00 2 3232.825
2011 03 11 21 06 00 2 3232.819
2011 03 11 21 05 00 2 3232.827
2011 03 11 21 04 00 2 3232.841
2011 03 11 21 03 00 2 3232.853
2011 03 11 21 02 00 2 3232.870
2011 03 11 21 01 00 2 3232.883
2011 03 11 21 00 00 2 3232.894
2011 03 11 20 59 00 2 3232.897
2011 03 11 20 58 00 2 3232.899
2011 03 11 20 57 00 2 3232.898
2011 03 11 20 56 00 2 3232.882
2011 03 11 20 55 00 2 3232.856
2011 03 11 20 54 00 2 3232.832
2011 03 11 20 53 00 2 3232.832
2011 03 11 20 52 00 2 3232.859
2011 03 11 20 51 00 2 3232.891
2011 03 11 20 50 00 2 3232.900
2011 03 11 20 49 00 2 3232.887
2011 03 11 20 48 00 2 3232.874
2011 03 11 20 47 00 2 3232.871
2011 03 11 20 46 00 2 3232.877
2011 03 11 20 45 00 2 3232.873
2011 03 11 20 44 00 2 3232.852
2011 03 11 20 43 00 2 3232.828
2011 03 11 20 42 00 2 3232.821
2011 03 11 20 41 00 2 3232.839
2011 03 11 20 40 00 2 3232.876
2011 03 11 20 39 00 2 3232.915
2011 03 11 20 38 00 2 3232.940
2011 03 11 20 37 00 2 3232.954
2011 03 11 20 36 00 2 3232.962
2011 03 11 20 35 00 2 3232.958
2011 03 11 20 34 00 2 3232.952
2011 03 11 20 33 00 2 3232.958
2011 03 11 20 32 00 2 3232.974
2011 03 11 20 31 00 2 3232.993
2011 03 11 20 30 00 2 3233.006
2011 03 11 20 29 00 2 3233.000
2011 03 11 20 28 00 2 3232.971
2011 03 11 20 27 00 2 3232.937
2011 03 11 20 26 00 2 3232.906
2011 03 11 20 25 00 2 3232.885
2011 03 11 20 24 00 2 3232.869
2011 03 11 20 23 00 2 3232.857
2011 03 11 20 22 00 2 3232.844
2011 03 11 20 21 00 2 3232.833
2011 03 11 20 20 00 2 3232.834
2011 03 11 20 19 00 2 3232.850
2011 03 11 20 18 00 2 3232.875
2011 03 11 20 17 00 2 3232.901
2011 03 11 20 16 00 2 3232.921
2011 03 11 20 15 00 2 3232.926
2011 03 11 20 14 00 2 3232.923
2011 03 11 20 13 00 2 3232.913
2011 03 11 20 12 00 2 3232.899
2011 03 11 20 11 00 2 3232.886
2011 03 11 20 10 00 2 3232.876
2011 03 11 20 09 00 2 3232.871
2011 03 11 20 08 00 2 3232.874
2011 03 11 20 07 00 2 3232.882
2011 03 11 20 06 00 2 3232.893
2011 03 11 20 05 00 2 3232.895
2011 03 11 20 04 00 2 3232.893
2011 03 11 20 03 00 2 3232.881
2011 03 11 20 02 00 2 3232.862
2011 03 11 20 01 00 2 3232.841
2011 03 11 20 00 00 2 3232.826
2011 03 11 19 59 00 2 3232.822
2011 03 11 19 58 00 2 3232.832
2011 03 11 19 57 00 2 3232.860
2011 03 11 19 56 00 2 3232.898
2011 03 11 19 55 00 2 3232.942
2011 03 11 19 54 00 2 3232.982
2011 03 11 19 53 00 2 3233.010
2011 03 11 19 52 00 2 3233.025
2011 03 11 19 51 00 2 3233.021
2011 03 11 19 50 00 2 3233.004
2011 03 11 19 49 00 2 3232.983
2011 03 11 19 48 00 2 3232.961
2011 03 11 19 47 00 2 3232.942
2011 03 11 19 46 00 2 3232.922
2011 03 11 19 45 00 2 3232.906
2011 03 11 19 44 00 2 3232.894
2011 03 11 19 43 00 2 3232.886
2011 03 11 19 42 00 2 3232.878
2011 03 11 19 41 00 2 3232.881
2011 03 11 19 40 00 2 3232.890
2011 03 11 19 39 00 2 3232.910
2011 03 11 19 38 00 2 3232.934
2011 03 11 19 37 00 2 3232.955
2011 03 11 19 36 00 2 3232.968
2011 03 11 19 35 00 2 3232.971
2011 03 11 19 34 00 2 3232.961
2011 03 11 19 33 00 2 3232.939
2011 03 11 19 32 00 2 3232.908
2011 03 11 19 31 00 2 3232.875
2011 03 11 19 30 00 2 3232.852
2011 03 11 19 29 00 2 3232.841
2011 03 11 19 28 00 2 3232.838
2011 03 11 19 27 00 2 3232.855
2011 03 11 19 26 00 2 3232.888
2011 03 11 19 25 00 2 3232.924
2011 03 11 19 24 00 2 3232.963
2011 03 11 19 23 00 2 3233.003
2011 03 11 19 22 00 2 3233.034
2011 03 11 19 21 00 2 3233.054
2011 03 11 19 20 00 2 3233.066
2011 03 11 19 19 00 2 3233.066
2011 03 11 19 18 00 2 3233.057
2011 03 11 19 17 00 2 3233.045
2011 03 11 19 16 00 2 3233.027
2011 03 11 19 15 00 2 3233.008
2011 03 11 19 14 00 2 3232.987
2011 03 11 19 13 00 2 3232.971
2011 03 11 19 12 00 2 3232.957
2011 03 11 19 11 00 2 3232.944
2011 03 11 19 10 00 2 3232.934
2011 03 11 19 09 00 2 3232.930
2011 03 11 19 08 00 2 3232.927
2011 03 11 19 07 00 2 3232.924
2011 03 11 19 06 00 2 3232.925
2011 03 11 19 05 00 2 3232.925
2011 03 11 19 04 00 2 3232.926
2011 03 11 19 03 00 2 3232.927
2011 03 11 19 02 00 2 3232.928
2011 03 11 19 01 00 2 3232.930
2011 03 11 19 00 00 1 3232.932
2011 03 11 18 59 00 2 3232.933
2011 03 11 18 58 00 2 3232.937
2011 03 11 18 57 00 2 3232.937
2011 03 11 18 56 00 2 3232.938
2011 03 11 18 55 00 2 3232.937
2011 03 11 18 54 00 2 3232.938
2011 03 11 18 53 00 2 3232.942
2011 03 11 18 52 00 2 3232.941
2011 03 11 18 51 00 2 3232.942
2011 03 11 18 50 00 2 3232.943
2011 03 11 18 49 00 2 3232.943
2011 03 11 18 48 00 2 3232.943
2011 03 11 18 47 00 2 3232.945
2011 03 11 18 46 00 2 3232.946
2011 03 11 18 45 00 1 3232.946
2011 03 11 18 44 00 2 3232.947
2011 03 11 18 43 00 2 3232.947
2011 03 11 18 42 00 2 3232.948
2011 03 11 18 41 00 2 3232.949
2011 03 11 18 40 00 2 3232.950
2011 03 11 18 39 00 2 3232.951
2011 03 11 18 38 00 2 3232.950
2011 03 11 18 37 00 2 3232.950
2011 03 11 18 36 00 2 3232.954
2011 03 11 18 35 00 2 3232.951
2011 03 11 18 34 00 2 3232.953
2011 03 11 18 33 00 2 3232.954
2011 03 11 18 32 00 2 3232.954
2011 03 11 18 31 00 2 3232.953
2011 03 11 18 30 00 1 3232.954
2011 03 11 18 29 00 2 3232.956
2011 03 11 18 28 00 2 3232.958
2011 03 11 18 27 00 2 3232.956
2011 03 11 18 26 00 2 3232.956
2011 03 11 18 25 00 2 3232.956
2011 03 11 18 24 00 2 3232.961
2011 03 11 18 23 00 2 3232.960
2011 03 11 18 22 00 2 3232.957
2011 03 11 18 21 00 2 3232.957
2011 03 11 18 20 00 2 3232.960
2011 03 11 18 19 00 2 3232.960
2011 03 11 18 18 00 2 3232.960
2011 03 11 18 17 00 2 3232.961
2011 03 11 18 16 00 2 3232.961
2011 03 11 18 15 00 1 3232.959
2011 03 11 18 14 00 2 3232.959
2011 03 11 18 13 00 2 3232.961
2011 03 11 18 12 00 2 3232.962
2011 03 11 18 11 00 2 3232.962
2011 03 11 18 10 00 2 3232.960
2011 03 11 18 09 00 2 3232.962
2011 03 11 18 08 00 2 3232.964
2011 03 11 18 07 00 2 3232.963
2011 03 11 18 06 00 2 3232.964
2011 03 11 18 05 00 2 3232.962
2011 03 11 18 04 00 2 3232.964
2011 03 11 18 03 00 2 3232.963
2011 03 11 18 02 00 2 3232.967
2011 03 11 18 01 00 2 3232.967
2011 03 11 18 00 00 1 3232.965
2011 03 11 17 45 00 1 3232.969
2011 03 11 17 30 00 1 3232.971
2011 03 11 17 15 00 1 3232.973
2011 03 11 17 00 00 1 3232.975
2011 03 11 16 45 00 1 3232.974
2011 03 11 16 30 00 1 3232.972
2011 03 11 16 15 00 1 3232.970
2011 03 11 16 00 00 1 3232.967
2011 03 11 15 45 00 1 3232.959
2011 03 11 15 30 00 1 3232.953
2011 03 11 15 15 00 1 3232.948
2011 03 11 15 00 00 1 3232.936
2011 03 11 14 45 00 1 3232.928
2011 03 11 14 30 00 1 3232.921
2011 03 11 14 15 00 1 3232.912
2011 03 11 14 00 00 1 3232.903
2011 03 11 13 45 00 1 3232.895
2011 03 11 13 30 00 1 3232.885
2011 03 11 13 15 00 1 3232.879
2011 03 11 13 00 00 1 3232.875
2011 03 11 12 45 00 1 3232.874
2011 03 11 12 30 00 1 3232.868
2011 03 11 12 15 00 1 3232.868
2011 03 11 12 00 00 1 3232.870
2011 03 11 11 45 00 1 3232.875
2011 03 11 11 30 00 1 3232.880
2011 03 11 11 15 00 1 3232.888
2011 03 11 11 00 00 1 3232.900
2011 03 11 10 45 00 1 3232.908
2011 03 11 10 30 00 1 3232.926
2011 03 11 10 15 00 1 3232.941
2011 03 11 10 00 00 1 3232.958
2011 03 11 09 45 00 1 3232.977
2011 03 11 09 30 00 1 3233.001
2011 03 11 09 15 00 1 3233.022
2011 03 11 09 00 00 1 3233.044
2011 03 11 08 45 00 1 3233.072
2011 03 11 08 30 00 1 3233.098
2011 03 11 08 15 00 1 3233.125
2011 03 11 08 00 00 1 3233.154
2011 03 11 07 45 00 1 3233.181
2011 03 11 07 30 00 1 3233.212
2011 03 11 07 15 00 1 3233.237
2011 03 11 07 00 00 1 3233.263
2011 03 11 06 45 00 1 3233.277
2011 03 11 06 30 00 1 3233.306
2011 03 11 06 15 00 1 3233.322
2011 03 11 06 00 00 1 3233.337
2011 03 11 05 45 00 1 3233.346
2011 03 11 05 30 00 1 3233.355
2011 03 11 05 15 00 1 3233.359
2011 03 11 05 00 00 1 3233.362
2011 03 11 04 45 00 1 3233.362
2011 03 11 04 30 00 1 3233.355
2011 03 11 04 15 00 1 3233.351
2011 03 11 04 00 00 1 3233.339
2011 03 11 03 45 00 1 3233.324
2011 03 11 03 30 00 1 3233.311
2011 03 11 03 15 00 1 3233.292
2011 03 11 03 00 00 1 3233.272
2011 03 11 02 45 00 1 3233.247
2011 03 11 02 30 00 1 3233.223
2011 03 11 02 15 00 1 3233.197
2011 03 11 02 00 00 1 3233.170
2011 03 11 01 45 00 1 3233.144
2011 03 11 01 30 00 1 3233.117
2011 03 11 01 15 00 1 3233.091
2011 03 11 01 00 00 1 3233.063
2011 03 11 00 45 00 1 3233.038
2011 03 11 00 30 00 1 3233.012
2011 03 11 00 15 00 1 3232.990
2011 03 11 00 00 00 1 3232.968
2011 03 10 23 45 00 1 3232.947
2011 03 10 23 30 00 1 3232.929
2011 03 10 23 15 00 1 3232.913
2011 03 10 23 00 00 1 3232.904
2011 03 10 22 45 00 1 3232.895
2011 03 10 22 30 00 1 3232.886
2011 03 10 22 15 00 1 3232.883
2011 03 10 22 00 00 1 3232.883
2011 03 10 21 45 00 1 3232.885
2011 03 10 21 30 00 1 3232.887
2011 03 10 21 15 00 1 3232.894
2011 03 10 21 00 00 1 3232.901
2011 03 10 20 45 00 1 3232.910
2011 03 10 20 30 00 1 3232.920
2011 03 10 20 15 00 1 3232.933
2011 03 10 20 00 00 1 3232.947
2011 03 10 19 45 00 1 3232.964
2011 03 10 19 30 00 1 3232.978
2011 03 10 19 15 00 1 3232.995
2011 03 10 19 00 00 1 3233.009
2011 03 10 18 45 00 1 3233.022
2011 03 10 18 30 00 1 3233.038
2011 03 10 18 15 00 1 3233.046
2011 03 10 18 00 00 1 3233.056
2011 03 10 17 45 00 1 3233.062
2011 03 10 17 30 00 1 3233.068
2011 03 10 17 15 00 1 3233.071
2011 03 10 17 00 00 1 3233.072
2011 03 10 16 45 00 1 3233.071
2011 03 10 16 30 00 1 3233.064
2011 03 10 16 15 00 1 3233.059
2011 03 10 16 00 00 1 3233.049
2011 03 10 15 45 00 1 3233.039
2011 03 10 15 30 00 1 3233.026
2011 03 10 15 15 00 1 3233.015
2011 03 10 15 00 00 1 3232.996
2011 03 10 14 45 00 1 3232.981
2011 03 10 14 30 00 1 3232.963
2011 03 10 14 15 00 1 3232.944
2011 03 10 14 00 00 1 3232.924
2011 03 10 13 45 00 1 3232.907
2011 03 10 13 30 00 1 3232.887
2011 03 10 13 15 00 1 3232.871
2011 03 10 13 00 00 1 3232.853
2011 03 10 12 45 00 1 3232.840
2011 03 10 12 30 00 1 3232.827
2011 03 10 12 15 00 1 3232.817
2011 03 10 12 00 00 1 3232.808
2011 03 10 11 45 00 1 3232.804
2011 03 10 11 30 00 1 3232.805
2011 03 10 11 15 00 1 3232.807
2011 03 10 11 00 00 1 3232.810
2011 03 10 10 45 00 1 3232.821
2011 03 10 10 30 00 1 3232.834
2011 03 10 10 15 00 1 3232.850
2011 03 10 10 00 00 1 3232.868
2011 03 10 09 45 00 1 3232.888
2011 03 10 09 30 00 1 3232.914
2011 03 10 09 15 00 1 3232.939
2011 03 10 09 00 00 1 3232.969
2011 03 10 08 45 00 1 3232.996
2011 03 10 08 30 00 1 3233.026
2011 03 10 08 15 00 1 3233.061
2011 03 10 08 00 00 1 3233.093
2011 03 10 07 45 00 1 3233.127
2011 03 10 07 30 00 1 3233.163
2011 03 10 07 15 00 1 3233.194
2011 03 10 07 00 00 1 3233.231
2011 03 10 06 45 00 1 3233.261
2011 03 10 06 30 00 1 3233.289
2011 03 10 06 15 00 1 3233.312
2011 03 10 06 00 00 1 3233.333
2011 03 10 05 45 00 1 3233.351
2011 03 10 05 30 00 1 3233.362
2011 03 10 05 15 00 1 3233.372
2011 03 10 05 00 00 1 3233.381
2011 03 10 04 45 00 1 3233.383
2011 03 10 04 30 00 1 3233.382
2011 03 10 04 15 00 1 3233.379
2011 03 10 04 00 00 1 3233.369
2011 03 10 03 45 00 1 3233.357
2011 03 10 03 30 00 1 3233.341
2011 03 10 03 15 00 1 3233.323
2011 03 10 03 00 00 1 3233.298
2011 03 10 02 45 00 1 3233.270
2011 03 10 02 30 00 1 3233.244
2011 03 10 02 15 00 1 3233.216
2011 03 10 02 00 00 1 3233.183
2011 03 10 01 45 00 1 3233.152
2011 03 10 01 30 00 1 3233.117
2011 03 10 01 15 00 1 3233.083
2011 03 10 01 00 00 1 3233.048
2011 03 10 00 45 00 1 3233.016
2011 03 10 00 30 00 1 3232.984
2011 03 10 00 15 00 1 3232.957
2011 03 10 00 00 00 1 3232.931
2011 03 09 23 45 00 1 3232.908
2011 03 09 23 30 00 1 3232.887
2011 03 09 23 15 00 1 3232.871
2011 03 09 23 00 00 1 3232.859
2011 03 09 22 45 00 1 3232.849
2011 03 09 22 30 00 1 3232.844
2011 03 09 22 15 00 1 3232.842
2011 03 09 22 00 00 1 3232.844
2011 03 09 21 45 00 1 3232.849
2011 03 09 21 30 00 1 3232.859
2011 03 09 21 15 00 1 3232.870
2011 03 09 21 00 00 1 3232.887
2011 03 09 20 45 00 1 3232.901
2011 03 09 20 30 00 1 3232.919
2011 03 09 20 15 00 1 3232.938
2011 03 09 20 00 00 1 3232.959
2011 03 09 19 45 00 1 3232.985
2011 03 09 19 30 00 1 3233.008
2011 03 09 19 15 00 1 3233.030
2011 03 09 19 00 00 1 3233.052
2011 03 09 18 45 00 1 3233.075
2011 03 09 18 30 00 1 3233.091
2011 03 09 18 15 00 1 3233.114
2011 03 09 18 00 00 1 3233.124
2011 03 09 17 45 00 1 3233.139
2011 03 09 17 30 00 1 3233.147
2011 03 09 17 15 00 1 3233.152
2011 03 09 17 00 00 1 3233.155
2011 03 09 16 45 00 1 3233.151
2011 03 09 16 30 00 1 3233.148
2011 03 09 16 15 00 1 3233.144
2011 03 09 16 00 00 1 3233.132
2011 03 09 15 45 00 1 3233.119
2011 03 09 15 30 00 1 3233.101
2011 03 09 15 15 00 1 3233.081
2011 03 09 15 00 00 1 3233.061
2011 03 09 14 45 00 1 3233.039
2011 03 09 14 30 00 1 3233.010
2011 03 09 14 15 00 1 3232.980
2011 03 09 14 00 00 1 3232.953
2011 03 09 13 45 00 1 3232.923
2011 03 09 13 30 00 1 3232.897
2011 03 09 13 15 00 1 3232.869
2011 03 09 13 00 00 1 3232.843
2011 03 09 12 45 00 1 3232.822
2011 03 09 12 30 00 1 3232.797
2011 03 09 12 15 00 1 3232.778
2011 03 09 12 00 00 1 3232.763
2011 03 09 11 45 00 1 3232.752
2011 03 09 11 30 00 1 3232.744
2011 03 09 11 15 00 1 3232.741
2011 03 09 11 00 00 1 3232.740
2011 03 09 10 45 00 1 3232.746
2011 03 09 10 30 00 1 3232.752
2011 03 09 10 15 00 1 3232.765
2011 03 09 10 00 00 1 3232.782
2011 03 09 09 45 00 1 3232.801
2011 03 09 09 30 00 1 3232.825
2011 03 09 09 15 00 1 3232.855
2011 03 09 09 00 00 1 3232.883
2011 03 09 08 45 00 1 3232.915
2011 03 09 08 30 00 1 3232.951
2011 03 09 08 15 00 1 3232.989
2011 03 09 08 00 00 1 3233.030
2011 03 09 07 45 00 1 3233.068
2011 03 09 07 30 00 1 3233.112
2011 03 09 07 15 00 1 3233.154
2011 03 09 07 00 00 1 3233.192
2011 03 09 06 45 00 1 3233.230
2011 03 09 06 30 00 1 3233.266
2011 03 09 06 15 00 1 3233.297
2011 03 09 06 00 00 1 3233.329
2011 03 09 05 45 00 1 3233.353
2011 03 09 05 30 00 1 3233.371
2011 03 09 05 15 00 1 3233.388
2011 03 09 05 00 00 1 3233.399
2011 03 09 04 45 00 1 3233.409
2011 03 09 04 30 00 1 3233.413
2011 03 09 04 15 00 1 3233.407
2011 03 09 04 00 00 1 3233.401
2011 03 09 03 45 00 1 3233.388
2011 03 09 03 30 00 1 3233.371
2011 03 09 03 15 00 1 3233.350
2011 03 09 03 00 00 1 3233.327
2011 03 09 02 45 00 1 3233.297
2011 03 09 02 30 00 1 3233.266
2011 03 09 02 15 00 1 3233.231
2011 03 09 02 00 00 1 3233.196
2011 03 09 01 45 00 1 3233.162
2011 03 09 01 30 00 1 3233.123
2011 03 09 01 15 00 1 3233.087
2011 03 09 01 00 00 1 3233.052
2011 03 09 00 45 00 1 3233.016
2011 03 09 00 30 00 1 3232.978
2011 03 09 00 15 00 1 3232.942
2011 03 09 00 00 00 1 3232.909
2011 03 08 23 45 00 1 3232.882
2011 03 08 23 30 00 1 3232.857
2011 03 08 23 15 00 1 3232.835
2011 03 08 23 00 00 1 3232.817
2011 03 08 22 45 00 1 3232.804
2011 03 08 22 30 00 1 3232.797
2011 03 08 22 15 00 1 3232.796
2011 03 08 22 00 00 1 3232.797
2011 03 08 21 45 00 1 3232.803
2011 03 08 21 30 00 1 3232.813
2011 03 08 21 15 00 1 3232.827
2011 03 08 21 00 00 1 3232.845
2011 03 08 20 45 00 1 3232.865
2011 03 08 20 30 00 1 3232.891
