#YY  MM DD hh mm ss T   HEIGHT
#yr  mo dy hr mn  s -        m
2011 03 13 18 00 00 1 2737.428
2011 03 13 17 45 00 1 2737.511
2011 03 13 17 30 00 1 2737.598
2011 03 13 17 15 00 1 2737.704
2011 03 13 17 00 00 1 2737.791
2011 03 13 16 45 00 1 2737.888
2011 03 13 16 30 00 1 2737.962
2011 03 13 16 15 00 1 2738.079
2011 03 13 16 00 00 1 2738.159
2011 03 13 15 45 00 1 2738.225
2011 03 13 15 30 00 1 2738.296
2011 03 13 15 15 00 1 2738.365
2011 03 13 15 00 00 1 2738.431
2011 03 13 14 45 00 1 2738.477
2011 03 13 14 30 00 1 2738.516
2011 03 13 14 15 00 1 2738.555
2011 03 13 14 00 00 1 2738.596
2011 03 13 13 45 00 1 2738.608
2011 03 13 13 30 00 1 2738.614
2011 03 13 13 15 00 1 2738.616
2011 03 13 13 00 00 1 2738.633
2011 03 13 12 45 00 1 2738.595
2011 03 13 12 30 00 1 2738.588
2011 03 13 12 15 00 1 2738.540
2011 03 13 12 00 00 1 2738.521
2011 03 13 11 45 00 1 2738.469
2011 03 13 11 30 00 1 2738.422
2011 03 13 11 15 00 1 2738.372
2011 03 13 11 00 00 1 2738.307
2011 03 13 10 45 00 1 2738.270
2011 03 13 10 30 00 1 2738.221
2011 03 13 10 15 00 1 2738.150
2011 03 13 10 00 00 1 2738.098
2011 03 13 09 45 00 1 2738.073
2011 03 13 09 30 00 1 2738.010
2011 03 13 09 15 00 1 2737.961
2011 03 13 09 00 00 1 2737.931
2011 03 13 08 45 00 1 2737.869
2011 03 13 08 30 00 1 2737.837
2011 03 13 08 15 00 1 2737.801
2011 03 13 08 00 00 1 2737.760
2011 03 13 07 45 00 1 2737.755
2011 03 13 07 30 00 1 2737.730
2011 03 13 07 15 00 1 2737.708
2011 03 13 07 00 00 1 2737.694
2011 03 13 06 45 00 1 2737.710
2011 03 13 06 30 00 1 2737.693
2011 03 13 06 15 00 1 2737.722
2011 03 13 06 00 00 1 2737.712
2011 03 13 05 45 00 1 2737.757
2011 03 13 05 30 00 1 2737.766
2011 03 13 05 15 00 1 2737.799
2011 03 13 05 00 00 1 2737.827
2011 03 13 04 45 00 1 2737.840
2011 03 13 04 30 00 1 2737.888
2011 03 13 04 15 00 1 2737.895
2011 03 13 04 00 00 1 2737.950
2011 03 13 03 45 00 1 2737.948
2011 03 13 03 30 00 1 2737.991
2011 03 13 03 15 00 1 2737.969
2011 03 13 03 00 00 1 2738.010
2011 03 13 02 45 00 1 2738.008
2011 03 13 02 30 00 1 2738.050
2011 03 13 02 15 00 1 2738.002
2011 03 13 02 00 00 1 2738.007
2011 03 13 01 45 00 1 2737.991
2011 03 13 01 30 00 1 2737.961
2011 03 13 01 15 00 1 2737.962
2011 03 13 01 00 00 1 2737.908
2011 03 13 00 45 00 1 2737.846
2011 03 13 00 30 00 1 2737.812
2011 03 13 00 15 00 1 2737.771
2011 03 13 00 00 00 1 2737.710
2011 03 12 23 45 00 1 2737.641
2011 03 12 23 30 00 1 2737.580
2011 03 12 23 15 00 1 2737.532
2011 03 12 23 00 00 1 2737.464
2011 03 12 22 45 00 1 2737.360
2011 03 12 22 30 00 1 2737.334
2011 03 12 22 15 00 1 2737.258
2011 03 12 22 00 00 1 2737.202
2011 03 12 21 45 00 1 2737.136
2011 03 12 21 30 00 1 2737.074
2011 03 12 21 15 00 1 2737.034
2011 03 12 21 00 00 1 2736.982
2011 03 12 20 45 00 1 2736.951
2011 03 12 20 30 00 1 2736.945
2011 03 12 20 15 00 1 2736.913
2011 03 12 20 00 00 1 2736.888
2011 03 12 19 45 00 1 2736.871
2011 03 12 18 59 00 2 2736.909
2011 03 12 18 58 00 2 2736.916
2011 03 12 18 57 00 2 2736.916
2011 03 12 18 56 00 2 2736.916
2011 03 12 18 55 00 2 2736.922
2011 03 12 18 54 00 2 2736.926
2011 03 12 18 53 00 2 2736.925
2011 03 12 18 52 00 2 2736.928
2011 03 12 18 51 00 2 2736.936
2011 03 12 18 50 00 2 2736.941
2011 03 12 18 49 00 2 2736.941
2011 03 12 18 48 00 2 2736.946
2011 03 12 18 47 00 2 2736.950
2011 03 12 18 46 00 2 2736.950
2011 03 12 18 45 00 2 2736.952
2011 03 12 18 44 00 2 2736.957
2011 03 12 18 43 00 2 2736.957
2011 03 12 18 42 00 2 2736.956
2011 03 12 18 41 00 2 2736.959
2011 03 12 18 40 00 2 2736.960
2011 03 12 18 39 00 2 2736.966
2011 03 12 18 38 00 2 2736.966
2011 03 12 18 37 00 2 2736.971
2011 03 12 18 36 00 2 2736.982
2011 03 12 18 35 00 2 2736.977
2011 03 12 18 34 00 2 2736.983
2011 03 12 18 33 00 2 2736.994
2011 03 12 18 32 00 2 2736.988
2011 03 12 18 31 00 2 2736.994
2011 03 12 18 30 00 2 2736.999
2011 03 12 18 29 00 2 2736.997
2011 03 12 18 28 00 2 2737.010
2011 03 12 18 27 00 2 2737.008
2011 03 12 18 26 00 2 2737.016
2011 03 12 18 25 00 2 2737.025
2011 03 12 18 24 00 2 2737.034
2011 03 12 18 23 00 2 2737.037
2011 03 12 18 22 00 2 2737.031
2011 03 12 18 21 00 2 2737.032
2011 03 12 18 20 00 2 2737.032
2011 03 12 18 19 00 2 2737.033
2011 03 12 18 18 00 2 2737.032
2011 03 12 18 17 00 2 2737.034
2011 03 12 18 16 00 2 2737.042
2011 03 12 18 15 00 2 2737.030
2011 03 12 18 14 00 2 2737.030
2011 03 12 18 13 00 2 2737.041
2011 03 12 18 12 00 2 2737.037
2011 03 12 18 11 00 2 2737.033
2011 03 12 18 10 00 2 2737.035
2011 03 12 18 09 00 2 2737.039
2011 03 12 18 08 00 2 2737.044
2011 03 12 18 07 00 2 2737.049
2011 03 12 18 06 00 2 2737.040
2011 03 12 18 05 00 2 2737.049
2011 03 12 18 04 00 2 2737.061
2011 03 12 18 03 00 2 2737.062
2011 03 12 18 02 00 2 2737.058
2011 03 12 18 01 00 2 2737.063
2011 03 12 18 00 00 2 2737.072
2011 03 12 17 59 00 2 2737.075
2011 03 12 17 58 00 2 2737.084
2011 03 12 17 57 00 2 2737.094
2011 03 12 17 56 00 2 2737.102
2011 03 12 17 55 00 2 2737.106
2011 03 12 17 54 00 2 2737.123
2011 03 12 17 53 00 2 2737.133
2011 03 12 17 52 00 2 2737.137
2011 03 12 17 51 00 2 2737.144
2011 03 12 17 50 00 2 2737.142
2011 03 12 17 49 00 2 2737.148
2011 03 12 17 48 00 2 2737.152
2011 03 12 17 47 00 2 2737.160
2011 03 12 17 46 00 2 2737.167
2011 03 12 17 45 00 2 2737.174
2011 03 12 17 44 00 2 2737.181
2011 03 12 17 43 00 2 2737.185
2011 03 12 17 42 00 2 2737.188
2011 03 12 17 41 00 2 2737.199
2011 03 12 17 40 00 2 2737.194
2011 03 12 17 39 00 2 2737.203
2011 03 12 17 38 00 2 2737.201
2011 03 12 17 37 00 2 2737.205
2011 03 12 17 36 00 2 2737.204
2011 03 12 17 35 00 2 2737.209
2011 03 12 17 34 00 2 2737.211
2011 03 12 17 33 00 2 2737.218
2011 03 12 17 32 00 2 2737.224
2011 03 12 17 31 00 2 2737.225
2011 03 12 17 30 00 2 2737.228
2011 03 12 17 29 00 2 2737.232
2011 03 12 17 28 00 2 2737.234
2011 03 12 17 27 00 2 2737.234
2011 03 12 17 26 00 2 2737.241
2011 03 12 17 25 00 2 2737.246
2011 03 12 17 24 00 2 2737.245
2011 03 12 17 23 00 2 2737.259
2011 03 12 17 22 00 2 2737.262
2011 03 12 17 21 00 2 2737.266
2011 03 12 17 20 00 2 2737.271
2011 03 12 17 19 00 2 2737.277
2011 03 12 17 18 00 2 2737.288
2011 03 12 17 17 00 2 2737.295
2011 03 12 17 16 00 2 2737.298
2011 03 12 17 15 00 2 2737.304
2011 03 12 17 14 00 2 2737.319
2011 03 12 17 13 00 2 2737.329
2011 03 12 17 12 00 2 2737.335
2011 03 12 17 11 00 2 2737.335
2011 03 12 17 10 00 2 2737.334
2011 03 12 17 09 00 2 2737.340
2011 03 12 17 08 00 2 2737.339
2011 03 12 17 07 00 2 2737.353
2011 03 12 17 06 00 2 2737.362
2011 03 12 17 05 00 2 2737.358
2011 03 12 17 04 00 2 2737.370
2011 03 12 17 03 00 2 2737.372
2011 03 12 17 02 00 2 2737.373
2011 03 12 17 01 00 2 2737.373
2011 03 12 17 00 00 2 2737.381
2011 03 12 16 59 00 2 2737.384
2011 03 12 16 58 00 2 2737.389
2011 03 12 16 57 00 2 2737.398
2011 03 12 16 56 00 2 2737.399
2011 03 12 16 55 00 2 2737.407
2011 03 12 16 54 00 2 2737.421
2011 03 12 16 53 00 2 2737.438
2011 03 12 16 52 00 2 2737.445
2011 03 12 16 51 00 2 2737.441
2011 03 12 16 50 00 2 2737.450
2011 03 12 16 49 00 2 2737.457
2011 03 12 16 48 00 2 2737.462
2011 03 12 16 47 00 2 2737.463
2011 03 12 16 46 00 2 2737.462
2011 03 12 16 45 00 2 2737.473
2011 03 12 16 44 00 2 2737.476
2011 03 12 16 43 00 2 2737.486
2011 03 12 16 42 00 2 2737.497
2011 03 12 16 41 00 2 2737.498
2011 03 12 16 40 00 2 2737.507
2011 03 12 16 39 00 2 2737.523
2011 03 12 16 38 00 2 2737.524
2011 03 12 16 37 00 2 2737.536
2011 03 12 16 36 00 2 2737.551
2011 03 12 16 35 00 2 2737.563
2011 03 12 16 34 00 2 2737.568
2011 03 12 16 33 00 2 2737.573
2011 03 12 16 32 00 2 2737.576
2011 03 12 16 31 00 2 2737.584
2011 03 12 16 30 00 2 2737.584
2011 03 12 16 29 00 2 2737.591
2011 03 12 16 28 00 2 2737.603
2011 03 12 16 27 00 2 2737.609
2011 03 12 16 26 00 2 2737.617
2011 03 12 16 25 00 2 2737.624
2011 03 12 16 24 00 2 2737.618
2011 03 12 16 23 00 2 2737.617
2011 03 12 16 22 00 2 2737.623
2011 03 12 16 21 00 2 2737.625
2011 03 12 16 20 00 2 2737.630
2011 03 12 16 19 00 2 2737.645
2011 03 12 16 18 00 2 2737.655
2011 03 12 16 17 00 2 2737.662
2011 03 12 16 16 00 2 2737.672
2011 03 12 16 15 00 2 2737.683
2011 03 12 16 14 00 2 2737.683
2011 03 12 16 13 00 2 2737.684
2011 03 12 16 12 00 2 2737.690
2011 03 12 16 11 00 2 2737.691
2011 03 12 16 10 00 2 2737.701
2011 03 12 16 09 00 2 2737.712
2011 03 12 16 08 00 2 2737.719
2011 03 12 16 07 00 2 2737.723
2011 03 12 16 06 00 2 2737.729
2011 03 12 16 05 00 2 2737.730
2011 03 12 16 04 00 2 2737.735
2011 03 12 16 03 00 2 2737.743
2011 03 12 16 02 00 2 2737.738
2011 03 12 16 01 00 2 2737.742
2011 03 12 16 00 00 2 2737.758
2011 03 12 15 59 00 2 2737.767
2011 03 12 15 58 00 2 2737.768
2011 03 12 15 57 00 2 2737.780
2011 03 12 15 56 00 2 2737.782
2011 03 12 15 55 00 2 2737.780
2011 03 12 15 54 00 2 2737.788
2011 03 12 15 53 00 2 2737.805
2011 03 12 15 52 00 2 2737.809
2011 03 12 15 51 00 2 2737.811
2011 03 12 15 50 00 2 2737.819
2011 03 12 15 49 00 2 2737.821
2011 03 12 15 48 00 2 2737.833
2011 03 12 15 47 00 2 2737.838
2011 03 12 15 46 00 2 2737.840
2011 03 12 15 45 00 2 2737.842
2011 03 12 15 44 00 2 2737.849
2011 03 12 15 43 00 2 2737.868
2011 03 12 15 42 00 2 2737.882
2011 03 12 15 41 00 2 2737.895
2011 03 12 15 40 00 2 2737.899
2011 03 12 15 39 00 2 2737.904
2011 03 12 15 38 00 2 2737.920
2011 03 12 15 37 00 2 2737.928
2011 03 12 15 36 00 2 2737.934
2011 03 12 15 35 00 2 2737.943
2011 03 12 15 34 00 2 2737.955
2011 03 12 15 33 00 2 2737.969
2011 03 12 15 32 00 2 2737.981
2011 03 12 15 31 00 2 2737.973
2011 03 12 15 30 00 2 2737.978
2011 03 12 15 29 00 2 2737.975
2011 03 12 15 28 00 2 2737.975
2011 03 12 15 27 00 2 2737.979
2011 03 12 15 26 00 2 2737.984
2011 03 12 15 25 00 2 2737.989
2011 03 12 15 24 00 2 2737.993
2011 03 12 15 23 00 2 2738.003
2011 03 12 15 22 00 2 2738.004
2011 03 12 15 21 00 2 2738.000
2011 03 12 15 20 00 2 2738.013
2011 03 12 15 19 00 2 2738.012
2011 03 12 15 18 00 2 2738.026
2011 03 12 15 17 00 2 2738.037
2011 03 12 15 16 00 2 2738.041
2011 03 12 15 15 00 2 2738.045
2011 03 12 15 14 00 2 2738.045
2011 03 12 15 13 00 2 2738.046
2011 03 12 15 12 00 2 2738.051
2011 03 12 15 11 00 2 2738.056
2011 03 12 15 10 00 2 2738.065
2011 03 12 15 09 00 2 2738.068
2011 03 12 15 08 00 2 2738.066
2011 03 12 15 07 00 2 2738.070
2011 03 12 15 06 00 2 2738.078
2011 03 12 15 05 00 2 2738.077
2011 03 12 15 04 00 2 2738.086
2011 03 12 15 03 00 2 2738.092
2011 03 12 15 02 00 2 2738.100
2011 03 12 15 01 00 2 2738.113
2011 03 12 15 00 00 2 2738.112
2011 03 12 14 59 00 2 2738.124
2011 03 12 14 58 00 2 2738.137
2011 03 12 14 57 00 2 2738.144
2011 03 12 14 56 00 2 2738.157
2011 03 12 14 55 00 2 2738.165
2011 03 12 14 54 00 2 2738.173
2011 03 12 14 53 00 2 2738.178
2011 03 12 14 52 00 2 2738.183
2011 03 12 14 51 00 2 2738.189
2011 03 12 14 50 00 2 2738.197
2011 03 12 14 49 00 2 2738.198
2011 03 12 14 48 00 2 2738.195
2011 03 12 14 47 00 2 2738.198
2011 03 12 14 46 00 2 2738.206
2011 03 12 14 45 00 2 2738.208
2011 03 12 14 44 00 2 2738.209
2011 03 12 14 43 00 2 2738.217
2011 03 12 14 42 00 2 2738.217
2011 03 12 14 41 00 2 2738.219
2011 03 12 14 40 00 2 2738.221
2011 03 12 14 39 00 2 2738.236
2011 03 12 14 38 00 2 2738.251
2011 03 12 14 37 00 2 2738.256
2011 03 12 14 36 00 2 2738.271
2011 03 12 14 35 00 2 2738.271
2011 03 12 14 34 00 2 2738.268
2011 03 12 14 33 00 2 2738.280
2011 03 12 14 32 00 2 2738.280
2011 03 12 14 31 00 2 2738.282
2011 03 12 14 30 00 2 2738.295
2011 03 12 14 29 00 2 2738.306
2011 03 12 14 28 00 2 2738.318
2011 03 12 14 27 00 2 2738.331
2011 03 12 14 26 00 2 2738.330
2011 03 12 14 25 00 2 2738.318
2011 03 12 14 24 00 2 2738.317
2011 03 12 14 23 00 2 2738.319
2011 03 12 14 22 00 2 2738.319
2011 03 12 14 21 00 2 2738.325
2011 03 12 14 20 00 2 2738.327
2011 03 12 14 19 00 2 2738.335
2011 03 12 14 18 00 2 2738.339
2011 03 12 14 17 00 2 2738.352
2011 03 12 14 16 00 2 2738.359
2011 03 12 14 15 00 2 2738.361
2011 03 12 14 14 00 2 2738.378
2011 03 12 14 13 00 2 2738.383
2011 03 12 14 12 00 2 2738.387
2011 03 12 14 11 00 2 2738.386
2011 03 12 14 10 00 2 2738.383
2011 03 12 14 09 00 2 2738.385
2011 03 12 14 08 00 2 2738.380
2011 03 12 14 07 00 2 2738.382
2011 03 12 14 06 00 2 2738.392
2011 03 12 14 05 00 2 2738.402
2011 03 12 14 04 00 2 2738.398
2011 03 12 14 03 00 2 2738.400
2011 03 12 14 02 00 2 2738.406
2011 03 12 14 01 00 2 2738.412
2011 03 12 14 00 00 2 2738.419
2011 03 12 13 59 00 2 2738.425
2011 03 12 13 58 00 2 2738.419
2011 03 12 13 57 00 2 2738.413
2011 03 12 13 56 00 2 2738.411
2011 03 12 13 55 00 2 2738.415
2011 03 12 13 54 00 2 2738.418
2011 03 12 13 53 00 2 2738.424
2011 03 12 13 52 00 2 2738.424
2011 03 12 13 51 00 2 2738.430
2011 03 12 13 50 00 2 2738.440
2011 03 12 13 49 00 2 2738.447
2011 03 12 13 48 00 2 2738.456
2011 03 12 13 47 00 2 2738.468
2011 03 12 13 46 00 2 2738.475
2011 03 12 13 45 00 2 2738.485
2011 03 12 13 44 00 2 2738.490
2011 03 12 13 43 00 2 2738.491
2011 03 12 13 42 00 2 2738.507
2011 03 12 13 41 00 2 2738.508
2011 03 12 13 40 00 2 2738.506
2011 03 12 13 39 00 2 2738.513
2011 03 12 13 38 00 2 2738.523
2011 03 12 13 37 00 2 2738.532
2011 03 12 13 36 00 2 2738.534
2011 03 12 13 35 00 2 2738.532
2011 03 12 13 34 00 2 2738.547
2011 03 12 13 33 00 2 2738.562
2011 03 12 13 32 00 2 2738.564
2011 03 12 13 31 00 2 2738.556
2011 03 12 13 30 00 2 2738.555
2011 03 12 13 29 00 2 2738.558
2011 03 12 13 28 00 2 2738.567
2011 03 12 13 27 00 2 2738.574
2011 03 12 13 26 00 2 2738.559
2011 03 12 13 25 00 2 2738.555
2011 03 12 13 24 00 2 2738.565
2011 03 12 13 23 00 2 2738.568
2011 03 12 13 22 00 2 2738.564
2011 03 12 13 21 00 2 2738.568
2011 03 12 13 20 00 2 2738.569
2011 03 12 13 19 00 2 2738.563
2011 03 12 13 18 00 2 2738.560
2011 03 12 13 17 00 2 2738.559
2011 03 12 13 16 00 2 2738.553
2011 03 12 13 15 00 2 2738.560
2011 03 12 13 14 00 2 2738.562
2011 03 12 13 13 00 2 2738.567
2011 03 12 13 12 00 2 2738.587
2011 03 12 13 11 00 2 2738.585
2011 03 12 13 10 00 2 2738.577
2011 03 12 13 09 00 2 2738.571
2011 03 12 13 08 00 2 2738.576
2011 03 12 13 07 00 2 2738.576
2011 03 12 13 06 00 2 2738.579
2011 03 12 13 05 00 2 2738.588
2011 03 12 13 04 00 2 2738.597
2011 03 12 13 03 00 2 2738.608
2011 03 12 13 02 00 2 2738.613
2011 03 12 13 01 00 2 2738.610
2011 03 12 13 00 00 2 2738.606
2011 03 12 12 59 00 2 2738.598
2011 03 12 12 58 00 2 2738.587
2011 03 12 12 57 00 2 2738.597
2011 03 12 12 56 00 2 2738.602
2011 03 12 12 55 00 2 2738.592
2011 03 12 12 54 00 2 2738.586
2011 03 12 12 53 00 2 2738.596
2011 03 12 12 52 00 2 2738.610
2011 03 12 12 51 00 2 2738.599
2011 03 12 12 50 00 2 2738.602
2011 03 12 12 49 00 2 2738.619
2011 03 12 12 48 00 2 2738.625
2011 03 12 12 47 00 2 2738.616
2011 03 12 12 46 00 2 2738.621
2011 03 12 12 45 00 2 2738.625
2011 03 12 12 44 00 2 2738.628
2011 03 12 12 43 00 2 2738.636
2011 03 12 12 42 00 2 2738.640
2011 03 12 12 41 00 2 2738.635
2011 03 12 12 40 00 2 2738.642
2011 03 12 12 39 00 2 2738.656
2011 03 12 12 38 00 2 2738.648
2011 03 12 12 37 00 2 2738.646
2011 03 12 12 36 00 2 2738.659
2011 03 12 12 35 00 2 2738.663
2011 03 12 12 34 00 2 2738.661
2011 03 12 12 33 00 2 2738.649
2011 03 12 12 32 00 2 2738.640
2011 03 12 12 31 00 2 2738.645
2011 03 12 12 30 00 2 2738.655
2011 03 12 12 29 00 2 2738.653
2011 03 12 12 28 00 2 2738.648
2011 03 12 12 27 00 2 2738.658
2011 03 12 12 26 00 2 2738.661
2011 03 12 12 25 00 2 2738.660
2011 03 12 12 24 00 2 2738.654
2011 03 12 12 23 00 2 2738.645
2011 03 12 12 22 00 2 2738.648
2011 03 12 12 21 00 2 2738.644
2011 03 12 12 20 00 2 2738.642
2011 03 12 12 19 00 2 2738.653
2011 03 12 12 18 00 2 2738.652
2011 03 12 12 17 00 2 2738.642
2011 03 12 12 16 00 2 2738.630
2011 03 12 12 15 00 2 2738.625
2011 03 12 12 14 00 2 2738.632
2011 03 12 12 13 00 2 2738.618
2011 03 12 12 12 00 2 2738.619
2011 03 12 12 11 00 2 2738.622
2011 03 12 12 10 00 2 2738.617
2011 03 12 12 09 00 2 2738.611
2011 03 12 12 08 00 2 2738.615
2011 03 12 12 07 00 2 2738.624
2011 03 12 12 06 00 2 2738.629
2011 03 12 12 05 00 2 2738.626
2011 03 12 12 04 00 2 2738.624
2011 03 12 12 03 00 2 2738.616
2011 03 12 12 02 00 2 2738.615
2011 03 12 12 01 00 2 2738.622
2011 03 12 12 00 00 2 2738.620
2011 03 12 11 59 00 2 2738.613
2011 03 12 11 58 00 2 2738.615
2011 03 12 11 57 00 2 2738.622
2011 03 12 11 56 00 2 2738.618
2011 03 12 11 55 00 2 2738.635
2011 03 12 11 54 00 2 2738.629
2011 03 12 11 53 00 2 2738.629
2011 03 12 11 52 00 2 2738.646
2011 03 12 11 51 00 2 2738.644
2011 03 12 11 50 00 2 2738.644
2011 03 12 11 49 00 2 2738.644
2011 03 12 11 48 00 2 2738.634
2011 03 12 11 47 00 2 2738.624
2011 03 12 11 46 00 2 2738.617
2011 03 12 11 45 00 2 2738.609
2011 03 12 11 44 00 2 2738.611
2011 03 12 11 43 00 2 2738.617
2011 03 12 11 42 00 2 2738.619
2011 03 12 11 41 00 2 2738.624
2011 03 12 11 40 00 2 2738.639
2011 03 12 11 39 00 2 2738.629
2011 03 12 11 38 00 2 2738.630
2011 03 12 11 37 00 2 2738.641
2011 03 12 11 36 00 2 2738.646
2011 03 12 11 35 00 2 2738.636
2011 03 12 11 34 00 2 2738.641
2011 03 12 11 33 00 2 2738.642
2011 03 12 11 32 00 2 2738.635
2011 03 12 11 31 00 2 2738.618
2011 03 12 11 30 00 2 2738.604
2011 03 12 11 29 00 2 2738.600
2011 03 12 11 28 00 2 2738.603
2011 03 12 11 27 00 2 2738.602
2011 03 12 11 26 00 2 2738.589
2011 03 12 11 25 00 2 2738.595
2011 03 12 11 24 00 2 2738.601
2011 03 12 11 23 00 2 2738.592
2011 03 12 11 22 00 2 2738.586
2011 03 12 11 21 00 2 2738.573
2011 03 12 11 20 00 2 2738.561
2011 03 12 11 19 00 2 2738.547
2011 03 12 11 18 00 2 2738.537
2011 03 12 11 17 00 2 2738.535
2011 03 12 11 16 00 2 2738.541
2011 03 12 11 15 00 2 2738.537
2011 03 12 11 14 00 2 2738.525
2011 03 12 11 13 00 2 2738.527
2011 03 12 11 12 00 2 2738.519
2011 03 12 11 11 00 2 2738.513
2011 03 12 11 10 00 2 2738.524
2011 03 12 11 09 00 2 2738.524
2011 03 12 11 08 00 2 2738.523
2011 03 12 11 07 00 2 2738.540
2011 03 12 11 06 00 2 2738.524
2011 03 12 11 05 00 2 2738.518
2011 03 12 11 04 00 2 2738.517
2011 03 12 11 03 00 2 2738.520
2011 03 12 11 02 00 2 2738.526
2011 03 12 11 01 00 2 2738.517
2011 03 12 11 00 00 2 2738.508
2011 03 12 10 59 00 2 2738.510
2011 03 12 10 58 00 2 2738.510
2011 03 12 10 57 00 2 2738.498
2011 03 12 10 56 00 2 2738.497
2011 03 12 10 55 00 2 2738.505
2011 03 12 10 54 00 2 2738.500
2011 03 12 10 53 00 2 2738.493
2011 03 12 10 52 00 2 2738.498
2011 03 12 10 51 00 2 2738.495
2011 03 12 10 50 00 2 2738.496
2011 03 12 10 49 00 2 2738.497
2011 03 12 10 48 00 2 2738.496
2011 03 12 10 47 00 2 2738.489
2011 03 12 10 46 00 2 2738.487
2011 03 12 10 45 00 2 2738.482
2011 03 12 10 44 00 2 2738.487
2011 03 12 10 43 00 2 2738.494
2011 03 12 10 42 00 2 2738.483
2011 03 12 10 41 00 2 2738.484
2011 03 12 10 40 00 2 2738.480
2011 03 12 10 39 00 2 2738.478
2011 03 12 10 38 00 2 2738.480
2011 03 12 10 37 00 2 2738.471
2011 03 12 10 36 00 2 2738.465
2011 03 12 10 35 00 2 2738.455
2011 03 12 10 34 00 2 2738.462
2011 03 12 10 33 00 2 2738.459
2011 03 12 10 32 00 2 2738.447
2011 03 12 10 31 00 2 2738.450
2011 03 12 10 30 00 2 2738.432
2011 03 12 10 29 00 2 2738.427
2011 03 12 10 28 00 2 2738.423
2011 03 12 10 27 00 2 2738.414
2011 03 12 10 26 00 2 2738.404
2011 03 12 10 25 00 2 2738.399
2011 03 12 10 24 00 2 2738.389
2011 03 12 10 23 00 2 2738.394
2011 03 12 10 22 00 2 2738.394
2011 03 12 10 21 00 2 2738.398
2011 03 12 10 20 00 2 2738.397
2011 03 12 10 19 00 2 2738.386
2011 03 12 10 18 00 2 2738.394
2011 03 12 10 17 00 2 2738.391
2011 03 12 10 16 00 2 2738.384
2011 03 12 10 15 00 2 2738.387
2011 03 12 10 14 00 2 2738.380
2011 03 12 10 13 00 2 2738.380
2011 03 12 10 12 00 2 2738.389
2011 03 12 10 11 00 2 2738.387
2011 03 12 10 10 00 2 2738.384
2011 03 12 10 09 00 2 2738.387
2011 03 12 10 08 00 2 2738.380
2011 03 12 10 07 00 2 2738.375
2011 03 12 10 06 00 2 2738.365
2011 03 12 10 05 00 2 2738.358
2011 03 12 10 04 00 2 2738.349
2011 03 12 10 03 00 2 2738.351
2011 03 12 10 02 00 2 2738.352
2011 03 12 10 01 00 2 2738.342
2011 03 12 10 00 00 2 2738.338
2011 03 12 09 59 00 2 2738.326
2011 03 12 09 58 00 2 2738.320
2011 03 12 09 57 00 2 2738.313
2011 03 12 09 56 00 2 2738.313
2011 03 12 09 55 00 2 2738.319
2011 03 12 09 54 00 2 2738.314
2011 03 12 09 53 00 2 2738.291
2011 03 12 09 52 00 2 2738.286
2011 03 12 09 51 00 2 2738.278
2011 03 12 09 50 00 2 2738.280
2011 03 12 09 49 00 2 2738.274
2011 03 12 09 48 00 2 2738.263
2011 03 12 09 47 00 2 2738.261
2011 03 12 09 46 00 2 2738.259
2011 03 12 09 45 00 2 2738.266
2011 03 12 09 44 00 2 2738.260
2011 03 12 09 43 00 2 2738.248
2011 03 12 09 42 00 2 2738.249
2011 03 12 09 41 00 2 2738.252
2011 03 12 09 40 00 2 2738.237
2011 03 12 09 39 00 2 2738.226
2011 03 12 09 38 00 2 2738.221
2011 03 12 09 37 00 2 2738.226
2011 03 12 09 36 00 2 2738.232
2011 03 12 09 35 00 2 2738.229
2011 03 12 09 34 00 2 2738.236
2011 03 12 09 33 00 2 2738.213
2011 03 12 09 32 00 2 2738.209
2011 03 12 09 31 00 2 2738.218
2011 03 12 09 30 00 2 2738.202
2011 03 12 09 29 00 2 2738.190
2011 03 12 09 28 00 2 2738.203
2011 03 12 09 27 00 2 2738.196
2011 03 12 09 26 00 2 2738.193
2011 03 12 09 25 00 2 2738.190
2011 03 12 09 24 00 2 2738.170
2011 03 12 09 23 00 2 2738.175
2011 03 12 09 22 00 2 2738.168
2011 03 12 09 21 00 2 2738.154
2011 03 12 09 20 00 2 2738.152
2011 03 12 09 19 00 2 2738.147
2011 03 12 09 18 00 2 2738.145
2011 03 12 09 17 00 2 2738.144
2011 03 12 09 16 00 2 2738.143
2011 03 12 09 15 00 2 2738.137
2011 03 12 09 14 00 2 2738.124
2011 03 12 09 13 00 2 2738.107
2011 03 12 09 12 00 2 2738.103
2011 03 12 09 11 00 2 2738.100
2011 03 12 09 10 00 2 2738.085
2011 03 12 09 09 00 2 2738.074
2011 03 12 09 08 00 2 2738.076
2011 03 12 09 07 00 2 2738.072
2011 03 12 09 06 00 2 2738.054
2011 03 12 09 05 00 2 2738.054
2011 03 12 09 04 00 2 2738.069
2011 03 12 09 03 00 2 2738.066
2011 03 12 09 02 00 2 2738.052
2011 03 12 09 01 00 2 2738.054
2011 03 12 09 00 00 2 2738.057
2011 03 12 08 59 00 2 2738.037
2011 03 12 08 58 00 2 2738.045
2011 03 12 08 57 00 2 2738.047
2011 03 12 08 56 00 2 2738.038
2011 03 12 08 55 00 2 2738.034
2011 03 12 08 54 00 2 2738.040
2011 03 12 08 53 00 2 2738.044
2011 03 12 08 52 00 2 2738.034
2011 03 12 08 51 00 2 2738.030
2011 03 12 08 50 00 2 2738.032
2011 03 12 08 49 00 2 2738.032
2011 03 12 08 48 00 2 2738.018
2011 03 12 08 47 00 2 2738.009
2011 03 12 08 46 00 2 2737.999
2011 03 12 08 45 00 2 2737.994
2011 03 12 08 44 00 2 2737.989
2011 03 12 08 43 00 2 2737.987
2011 03 12 08 42 00 2 2737.997
2011 03 12 08 41 00 2 2737.991
2011 03 12 08 40 00 2 2737.994
2011 03 12 08 39 00 2 2738.002
2011 03 12 08 38 00 2 2737.999
2011 03 12 08 37 00 2 2737.997
2011 03 12 08 36 00 2 2737.989
2011 03 12 08 35 00 2 2737.976
2011 03 12 08 34 00 2 2737.964
2011 03 12 08 33 00 2 2737.953
2011 03 12 08 32 00 2 2737.936
2011 03 12 08 31 00 2 2737.938
2011 03 12 08 30 00 2 2737.932
2011 03 12 08 29 00 2 2737.916
2011 03 12 08 28 00 2 2737.896
2011 03 12 08 27 00 2 2737.889
2011 03 12 08 26 00 2 2737.883
2011 03 12 08 25 00 2 2737.883
2011 03 12 08 24 00 2 2737.876
2011 03 12 08 23 00 2 2737.877
2011 03 12 08 22 00 2 2737.866
2011 03 12 08 21 00 2 2737.849
2011 03 12 08 20 00 2 2737.832
2011 03 12 08 19 00 2 2737.840
2011 03 12 08 18 00 2 2737.856
2011 03 12 08 17 00 2 2737.846
2011 03 12 08 16 00 2 2737.825
2011 03 12 08 15 00 2 2737.830
2011 03 12 08 14 00 2 2737.839
2011 03 12 08 13 00 2 2737.830
2011 03 12 08 12 00 2 2737.828
2011 03 12 08 11 00 2 2737.826
2011 03 12 08 10 00 2 2737.822
2011 03 12 08 09 00 2 2737.827
2011 03 12 08 08 00 2 2737.840
2011 03 12 08 07 00 2 2737.826
2011 03 12 08 06 00 2 2737.816
2011 03 12 08 05 00 2 2737.805
2011 03 12 08 04 00 2 2737.817
2011 03 12 08 03 00 2 2737.829
2011 03 12 08 02 00 2 2737.832
2011 03 12 08 01 00 2 2737.824
2011 03 12 08 00 00 2 2737.816
2011 03 12 07 59 00 2 2737.821
2011 03 12 07 58 00 2 2737.836
2011 03 12 07 57 00 2 2737.824
2011 03 12 07 56 00 2 2737.815
2011 03 12 07 55 00 2 2737.807
2011 03 12 07 54 00 2 2737.792
2011 03 12 07 53 00 2 2737.783
2011 03 12 07 52 00 2 2737.785
2011 03 12 07 51 00 2 2737.796
2011 03 12 07 50 00 2 2737.793
2011 03 12 07 49 00 2 2737.783
2011 03 12 07 48 00 2 2737.773
2011 03 12 07 47 00 2 2737.769
2011 03 12 07 46 00 2 2737.769
2011 03 12 07 45 00 2 2737.757
2011 03 12 07 44 00 2 2737.744
2011 03 12 07 43 00 2 2737.747
2011 03 12 07 42 00 2 2737.754
2011 03 12 07 41 00 2 2737.744
2011 03 12 07 40 00 2 2737.727
2011 03 12 07 39 00 2 2737.716
2011 03 12 07 38 00 2 2737.703
2011 03 12 07 37 00 2 2737.702
2011 03 12 07 36 00 2 2737.717
2011 03 12 07 35 00 2 2737.707
2011 03 12 07 34 00 2 2737.712
2011 03 12 07 33 00 2 2737.734
2011 03 12 07 32 00 2 2737.727
2011 03 12 07 31 00 2 2737.712
2011 03 12 07 30 00 2 2737.717
2011 03 12 07 29 00 2 2737.735
2011 03 12 07 28 00 2 2737.730
2011 03 12 07 27 00 2 2737.723
2011 03 12 07 26 00 2 2737.730
2011 03 12 07 25 00 2 2737.712
2011 03 12 07 24 00 2 2737.698
2011 03 12 07 23 00 2 2737.701
2011 03 12 07 22 00 2 2737.697
2011 03 12 07 21 00 2 2737.689
2011 03 12 07 20 00 2 2737.684
2011 03 12 07 19 00 2 2737.685
2011 03 12 07 18 00 2 2737.670
2011 03 12 07 17 00 2 2737.667
2011 03 12 07 16 00 2 2737.658
2011 03 12 07 15 00 2 2737.639
2011 03 12 07 14 00 2 2737.639
2011 03 12 07 13 00 2 2737.634
2011 03 12 07 12 00 2 2737.630
2011 03 12 07 11 00 2 2737.637
2011 03 12 07 10 00 2 2737.636
2011 03 12 07 09 00 2 2737.638
2011 03 12 07 08 00 2 2737.626
2011 03 12 07 07 00 2 2737.639
2011 03 12 07 06 00 2 2737.653
2011 03 12 07 05 00 2 2737.645
2011 03 12 07 04 00 2 2737.637
2011 03 12 07 03 00 2 2737.633
2011 03 12 07 02 00 2 2737.632
2011 03 12 07 01 00 2 2737.634
2011 03 12 07 00 00 2 2737.629
2011 03 12 06 59 00 2 2737.633
2011 03 12 06 58 00 2 2737.635
2011 03 12 06 57 00 2 2737.632
2011 03 12 06 56 00 2 2737.629
2011 03 12 06 55 00 2 2737.619
2011 03 12 06 54 00 2 2737.605
2011 03 12 06 53 00 2 2737.600
2011 03 12 06 52 00 2 2737.595
2011 03 12 06 51 00 2 2737.592
2011 03 12 06 50 00 2 2737.599
2011 03 12 06 49 00 2 2737.612
2011 03 12 06 48 00 2 2737.622
2011 03 12 06 47 00 2 2737.620
2011 03 12 06 46 00 2 2737.614
2011 03 12 06 45 00 2 2737.623
2011 03 12 06 44 00 2 2737.625
2011 03 12 06 43 00 2 2737.624
2011 03 12 06 42 00 2 2737.621
2011 03 12 06 41 00 2 2737.613
2011 03 12 06 40 00 2 2737.598
2011 03 12 06 39 00 2 2737.592
2011 03 12 06 38 00 2 2737.588
2011 03 12 06 37 00 2 2737.593
2011 03 12 06 36 00 2 2737.590
2011 03 12 06 35 00 2 2737.574
2011 03 12 06 34 00 2 2737.570
2011 03 12 06 33 00 2 2737.577
2011 03 12 06 32 00 2 2737.586
2011 03 12 06 31 00 2 2737.579
2011 03 12 06 30 00 2 2737.576
2011 03 12 06 29 00 2 2737.575
2011 03 12 06 28 00 2 2737.569
2011 03 12 06 27 00 2 2737.566
2011 03 12 06 26 00 2 2737.566
2011 03 12 06 25 00 2 2737.571
2011 03 12 06 24 00 2 2737.583
2011 03 12 06 23 00 2 2737.601
2011 03 12 06 22 00 2 2737.603
2011 03 12 06 21 00 2 2737.610
2011 03 12 06 20 00 2 2737.622
2011 03 12 06 19 00 2 2737.625
2011 03 12 06 18 00 2 2737.619
2011 03 12 06 17 00 2 2737.613
2011 03 12 06 16 00 2 2737.592
2011 03 12 06 15 00 2 2737.593
2011 03 12 06 14 00 2 2737.589
2011 03 12 06 13 00 2 2737.585
2011 03 12 06 12 00 2 2737.587
2011 03 12 06 11 00 2 2737.581
2011 03 12 06 10 00 2 2737.585
2011 03 12 06 09 00 2 2737.575
2011 03 12 06 08 00 2 2737.560
2011 03 12 06 07 00 2 2737.557
2011 03 12 06 06 00 2 2737.555
2011 03 12 06 05 00 2 2737.554
2011 03 12 06 04 00 2 2737.549
2011 03 12 06 03 00 2 2737.555
2011 03 12 06 02 00 2 2737.566
2011 03 12 06 01 00 2 2737.564
2011 03 12 06 00 00 2 2737.569
2011 03 12 05 59 00 2 2737.565
2011 03 12 05 58 00 2 2737.556
2011 03 12 05 57 00 2 2737.565
2011 03 12 05 56 00 2 2737.566
2011 03 12 05 55 00 2 2737.579
2011 03 12 05 54 00 2 2737.591
2011 03 12 05 53 00 2 2737.578
2011 03 12 05 52 00 2 2737.576
2011 03 12 05 51 00 2 2737.555
2011 03 12 05 50 00 2 2737.548
2011 03 12 05 49 00 2 2737.566
2011 03 12 05 48 00 2 2737.584
2011 03 12 05 47 00 2 2737.585
2011 03 12 05 46 00 2 2737.586
2011 03 12 05 45 00 2 2737.573
2011 03 12 05 44 00 2 2737.567
2011 03 12 05 43 00 2 2737.574
2011 03 12 05 42 00 2 2737.571
2011 03 12 05 41 00 2 2737.554
2011 03 12 05 40 00 2 2737.556
2011 03 12 05 39 00 2 2737.557
2011 03 12 05 38 00 2 2737.562
2011 03 12 05 37 00 2 2737.555
2011 03 12 05 36 00 2 2737.559
2011 03 12 05 35 00 2 2737.568
2011 03 12 05 34 00 2 2737.577
2011 03 12 05 33 00 2 2737.579
2011 03 12 05 32 00 2 2737.588
2011 03 12 05 31 00 2 2737.574
2011 03 12 05 30 00 2 2737.592
2011 03 12 05 29 00 2 2737.576
2011 03 12 05 28 00 2 2737.575
2011 03 12 05 27 00 2 2737.589
2011 03 12 05 26 00 2 2737.603
2011 03 12 05 25 00 2 2737.601
2011 03 12 05 24 00 2 2737.593
2011 03 12 05 23 00 2 2737.584
2011 03 12 05 22 00 2 2737.572
2011 03 12 05 21 00 2 2737.557
2011 03 12 05 20 00 2 2737.558
2011 03 12 05 19 00 2 2737.562
2011 03 12 05 18 00 2 2737.569
2011 03 12 05 17 00 2 2737.586
2011 03 12 05 16 00 2 2737.593
2011 03 12 05 15 00 2 2737.604
2011 03 12 05 14 00 2 2737.615
2011 03 12 05 13 00 2 2737.610
2011 03 12 05 12 00 2 2737.608
2011 03 12 05 11 00 2 2737.604
2011 03 12 05 10 00 2 2737.602
2011 03 12 05 09 00 2 2737.599
2011 03 12 05 08 00 2 2737.613
2011 03 12 05 07 00 2 2737.625
2011 03 12 05 06 00 2 2737.628
2011 03 12 05 05 00 2 2737.631
2011 03 12 05 04 00 2 2737.640
2011 03 12 05 03 00 2 2737.638
2011 03 12 05 02 00 2 2737.638
2011 03 12 05 01 00 2 2737.624
2011 03 12 05 00 00 2 2737.620
2011 03 12 04 59 00 2 2737.610
2011 03 12 04 58 00 2 2737.602
2011 03 12 04 57 00 2 2737.603
2011 03 12 04 56 00 2 2737.605
2011 03 12 04 55 00 2 2737.608
2011 03 12 04 54 00 2 2737.607
2011 03 12 04 53 00 2 2737.612
2011 03 12 04 52 00 2 2737.602
2011 03 12 04 51 00 2 2737.598
2011 03 12 04 50 00 2 2737.597
2011 03 12 04 49 00 2 2737.605
2011 03 12 04 48 00 2 2737.603
2011 03 12 04 47 00 2 2737.608
2011 03 12 04 46 00 2 2737.611
2011 03 12 04 45 00 2 2737.619
2011 03 12 04 44 00 2 2737.615
2011 03 12 04 43 00 2 2737.613
2011 03 12 04 42 00 2 2737.630
2011 03 12 04 41 00 2 2737.644
2011 03 12 04 40 00 2 2737.668
2011 03 12 04 39 00 2 2737.672
2011 03 12 04 38 00 2 2737.658
2011 03 12 04 37 00 2 2737.652
2011 03 12 04 36 00 2 2737.648
2011 03 12 04 35 00 2 2737.631
2011 03 12 04 34 00 2 2737.643
2011 03 12 04 33 00 2 2737.654
2011 03 12 04 32 00 2 2737.658
2011 03 12 04 31 00 2 2737.653
2011 03 12 04 30 00 2 2737.664
2011 03 12 04 29 00 2 2737.652
2011 03 12 04 28 00 2 2737.658
2011 03 12 04 27 00 2 2737.678
2011 03 12 04 26 00 2 2737.700
2011 03 12 04 25 00 2 2737.704
2011 03 12 04 24 00 2 2737.695
2011 03 12 04 23 00 2 2737.699
2011 03 12 04 22 00 2 2737.687
2011 03 12 04 21 00 2 2737.683
2011 03 12 04 20 00 2 2737.682
2011 03 12 04 19 00 2 2737.675
2011 03 12 04 18 00 2 2737.666
2011 03 12 04 17 00 2 2737.665
2011 03 12 04 16 00 2 2737.666
2011 03 12 04 15 00 2 2737.666
2011 03 12 04 14 00 2 2737.665
2011 03 12 04 13 00 2 2737.684
2011 03 12 04 12 00 2 2737.683
2011 03 12 04 11 00 2 2737.677
2011 03 12 04 10 00 2 2737.694
2011 03 12 04 09 00 2 2737.700
2011 03 12 04 08 00 2 2737.698
2011 03 12 04 07 00 2 2737.712
2011 03 12 04 06 00 2 2737.725
2011 03 12 04 05 00 2 2737.724
2011 03 12 04 04 00 2 2737.721
2011 03 12 04 03 00 2 2737.711
2011 03 12 04 02 00 2 2737.728
2011 03 12 04 01 00 2 2737.726
2011 03 12 04 00 00 2 2737.713
2011 03 12 03 59 00 2 2737.705
2011 03 12 03 58 00 2 2737.705
2011 03 12 03 57 00 2 2737.702
2011 03 12 03 56 00 2 2737.705
2011 03 12 03 55 00 2 2737.735
2011 03 12 03 54 00 2 2737.743
2011 03 12 03 53 00 2 2737.737
2011 03 12 03 52 00 2 2737.740
2011 03 12 03 51 00 2 2737.752
2011 03 12 03 50 00 2 2737.764
2011 03 12 03 49 00 2 2737.756
2011 03 12 03 48 00 2 2737.757
2011 03 12 03 47 00 2 2737.767
2011 03 12 03 46 00 2 2737.765
2011 03 12 03 45 00 2 2737.767
2011 03 12 03 44 00 2 2737.768
2011 03 12 03 43 00 2 2737.785
2011 03 12 03 42 00 2 2737.791
2011 03 12 03 41 00 2 2737.791
2011 03 12 03 40 00 2 2737.791
2011 03 12 03 39 00 2 2737.764
2011 03 12 03 38 00 2 2737.764
2011 03 12 03 37 00 2 2737.791
2011 03 12 03 36 00 2 2737.818
2011 03 12 03 35 00 2 2737.814
2011 03 12 03 34 00 2 2737.832
2011 03 12 03 33 00 2 2737.833
2011 03 12 03 32 00 2 2737.849
2011 03 12 03 31 00 2 2737.829
2011 03 12 03 30 00 2 2737.804
2011 03 12 03 29 00 2 2737.819
2011 03 12 03 28 00 2 2737.813
2011 03 12 03 27 00 2 2737.802
2011 03 12 03 26 00 2 2737.815
2011 03 12 03 25 00 2 2737.832
2011 03 12 03 24 00 2 2737.832
2011 03 12 03 23 00 2 2737.829
2011 03 12 03 22 00 2 2737.816
2011 03 12 03 21 00 2 2737.809
2011 03 12 03 20 00 2 2737.814
2011 03 12 03 19 00 2 2737.802
2011 03 12 03 18 00 2 2737.813
2011 03 12 03 17 00 2 2737.819
2011 03 12 03 16 00 2 2737.828
2011 03 12 03 15 00 2 2737.837
2011 03 12 03 14 00 2 2737.860
2011 03 12 03 13 00 2 2737.849
2011 03 12 03 12 00 2 2737.836
2011 03 12 03 11 00 2 2737.842
2011 03 12 03 10 00 2 2737.823
2011 03 12 03 09 00 2 2737.826
2011 03 12 03 08 00 2 2737.842
2011 03 12 03 07 00 2 2737.842
2011 03 12 03 06 00 2 2737.857
2011 03 12 03 05 00 2 2737.854
2011 03 12 03 04 00 2 2737.845
2011 03 12 03 03 00 2 2737.838
2011 03 12 03 02 00 2 2737.839
2011 03 12 03 01 00 2 2737.831
2011 03 12 03 00 00 2 2737.839
2011 03 12 02 59 00 2 2737.847
2011 03 12 02 58 00 2 2737.834
2011 03 12 02 57 00 2 2737.847
2011 03 12 02 56 00 2 2737.859
2011 03 12 02 55 00 2 2737.866
2011 03 12 02 54 00 2 2737.880
2011 03 12 02 53 00 2 2737.895
2011 03 12 02 52 00 2 2737.901
2011 03 12 02 51 00 2 2737.896
2011 03 12 02 50 00 2 2737.921
2011 03 12 02 49 00 2 2737.934
2011 03 12 02 48 00 2 2737.933
2011 03 12 02 47 00 2 2737.928
2011 03 12 02 46 00 2 2737.942
2011 03 12 02 45 00 2 2737.943
2011 03 12 02 44 00 2 2737.937
2011 03 12 02 43 00 2 2737.956
2011 03 12 02 42 00 2 2737.957
2011 03 12 02 41 00 2 2737.956
2011 03 12 02 40 00 2 2737.951
2011 03 12 02 39 00 2 2737.975
2011 03 12 02 38 00 2 2737.958
2011 03 12 02 37 00 2 2737.959
2011 03 12 02 36 00 2 2737.962
2011 03 12 02 35 00 2 2737.970
2011 03 12 02 34 00 2 2737.971
2011 03 12 02 33 00 2 2737.975
2011 03 12 02 32 00 2 2737.980
2011 03 12 02 31 00 2 2737.973
2011 03 12 02 30 00 2 2737.980
2011 03 12 02 29 00 2 2737.975
2011 03 12 02 28 00 2 2737.988
2011 03 12 02 27 00 2 2737.984
2011 03 12 02 26 00 2 2738.006
2011 03 12 02 25 00 2 2738.015
2011 03 12 02 24 00 2 2738.025
2011 03 12 02 23 00 2 2738.016
2011 03 12 02 22 00 2 2738.008
2011 03 12 02 21 00 2 2738.005
2011 03 12 02 20 00 2 2738.011
2011 03 12 02 19 00 2 2737.980
2011 03 12 02 18 00 2 2737.963
2011 03 12 02 17 00 2 2737.971
2011 03 12 02 16 00 2 2737.973
2011 03 12 02 15 00 2 2737.957
2011 03 12 02 14 00 2 2737.939
2011 03 12 02 13 00 2 2737.935
2011 03 12 02 12 00 2 2737.943
2011 03 12 02 11 00 2 2737.946
2011 03 12 02 10 00 2 2737.918
2011 03 12 02 09 00 2 2737.940
2011 03 12 02 08 00 2 2737.936
2011 03 12 02 07 00 2 2737.936
2011 03 12 02 06 00 2 2737.937
2011 03 12 02 05 00 2 2737.932
2011 03 12 02 04 00 2 2737.939
2011 03 12 02 03 00 2 2737.941
2011 03 12 02 02 00 2 2737.937
2011 03 12 02 01 00 2 2737.949
2011 03 12 02 00 00 2 2737.958
2011 03 12 01 59 00 2 2737.967
2011 03 12 01 58 00 2 2737.987
2011 03 12 01 57 00 2 2737.978
2011 03 12 01 56 00 2 2737.987
2011 03 12 01 55 00 2 2737.996
2011 03 12 01 54 00 2 2738.029
2011 03 12 01 53 00 2 2738.026
2011 03 12 01 52 00 2 2738.039
2011 03 12 01 51 00 2 2738.053
2011 03 12 01 50 00 2 2738.074
2011 03 12 01 49 00 2 2738.066
2011 03 12 01 48 00 2 2738.068
2011 03 12 01 47 00 2 2738.063
2011 03 12 01 46 00 2 2738.075
2011 03 12 01 45 00 2 2738.087
2011 03 12 01 44 00 2 2738.090
2011 03 12 01 43 00 2 2738.086
2011 03 12 01 42 00 2 2738.076
2011 03 12 01 41 00 2 2738.065
2011 03 12 01 40 00 2 2738.071
2011 03 12 01 39 00 2 2738.065
2011 03 12 01 38 00 2 2738.074
2011 03 12 01 37 00 2 2738.065
2011 03 12 01 36 00 2 2738.058
2011 03 12 01 35 00 2 2738.055
2011 03 12 01 34 00 2 2738.057
2011 03 12 01 33 00 2 2738.066
2011 03 12 01 32 00 2 2738.072
2011 03 12 01 31 00 2 2738.069
2011 03 12 01 30 00 2 2738.081
2011 03 12 01 29 00 2 2738.079
2011 03 12 01 28 00 2 2738.061
2011 03 12 01 27 00 2 2738.056
2011 03 12 01 26 00 2 2738.059
2011 03 12 01 25 00 2 2738.043
2011 03 12 01 24 00 2 2738.057
2011 03 12 01 23 00 2 2738.056
2011 03 12 01 22 00 2 2738.054
2011 03 12 01 21 00 2 2738.044
2011 03 12 01 20 00 2 2738.064
2011 03 12 01 19 00 2 2738.054
2011 03 12 01 18 00 2 2738.062
2011 03 12 01 17 00 2 2738.054
2011 03 12 01 16 00 2 2738.035
2011 03 12 01 15 00 2 2738.032
2011 03 12 01 14 00 2 2738.011
2011 03 12 01 13 00 2 2738.010
2011 03 12 01 12 00 2 2738.005
2011 03 12 01 11 00 2 2738.000
2011 03 12 01 10 00 2 2738.016
2011 03 12 01 09 00 2 2738.017
2011 03 12 01 08 00 2 2738.025
2011 03 12 01 07 00 2 2738.024
2011 03 12 01 06 00 2 2738.015
2011 03 12 01 05 00 2 2738.030
2011 03 12 01 04 00 2 2738.018
2011 03 12 01 03 00 2 2738.025
2011 03 12 01 02 00 2 2738.032
2011 03 12 01 01 00 2 2738.042
2011 03 12 01 00 00 2 2738.040
2011 03 12 00 59 00 2 2738.056
2011 03 12 00 58 00 2 2738.067
2011 03 12 00 57 00 2 2738.083
2011 03 12 00 56 00 2 2738.073
2011 03 12 00 55 00 2 2738.067
2011 03 12 00 54 00 2 2738.061
2011 03 12 00 53 00 2 2738.046
2011 03 12 00 52 00 2 2738.056
2011 03 12 00 51 00 2 2738.070
2011 03 12 00 50 00 2 2738.044
2011 03 12 00 49 00 2 2738.052
2011 03 12 00 48 00 2 2738.039
2011 03 12 00 47 00 2 2738.028
2011 03 12 00 46 00 2 2738.040
2011 03 12 00 45 00 2 2738.041
2011 03 12 00 44 00 2 2738.035
2011 03 12 00 43 00 2 2738.045
2011 03 12 00 42 00 2 2738.029
2011 03 12 00 41 00 2 2738.030
2011 03 12 00 40 00 2 2738.033
2011 03 12 00 39 00 2 2738.058
2011 03 12 00 38 00 2 2738.059
2011 03 12 00 37 00 2 2738.056
2011 03 12 00 36 00 2 2738.054
2011 03 12 00 35 00 2 2738.053
2011 03 12 00 34 00 2 2738.034
2011 03 12 00 33 00 2 2738.037
2011 03 12 00 32 00 2 2738.057
2011 03 12 00 31 00 2 2738.045
2011 03 12 00 30 00 2 2738.044
2011 03 12 00 29 00 2 2738.042
2011 03 12 00 28 00 2 2738.041
2011 03 12 00 27 00 2 2738.049
2011 03 12 00 26 00 2 2738.035
2011 03 12 00 25 00 2 2738.013
2011 03 12 00 24 00 2 2738.018
2011 03 12 00 23 00 2 2737.999
2011 03 12 00 22 00 2 2738.008
2011 03 12 00 21 00 2 2738.012
2011 03 12 00 20 00 2 2738.007
2011 03 12 00 19 00 2 2738.015
2011 03 12 00 18 00 2 2738.008
2011 03 12 00 17 00 2 2737.986
2011 03 12 00 16 00 2 2738.009
2011 03 12 00 15 00 2 2738.007
2011 03 12 00 14 00 2 2737.979
2011 03 12 00 13 00 2 2737.987
2011 03 12 00 12 00 2 2737.980
2011 03 12 00 11 00 2 2737.984
2011 03 12 00 10 00 2 2738.011
2011 03 12 00 09 00 2 2737.990
2011 03 12 00 08 00 2 2737.979
2011 03 12 00 07 00 2 2737.967
2011 03 12 00 06 00 2 2737.975
2011 03 12 00 05 00 2 2737.949
2011 03 12 00 04 00 2 2737.962
2011 03 12 00 03 00 2 2737.954
2011 03 12 00 02 00 2 2737.964
2011 03 12 00 01 00 2 2737.940
2011 03 12 00 00 00 2 2737.959
2011 03 11 23 59 00 2 2737.954
2011 03 11 23 58 00 2 2737.911
2011 03 11 23 57 00 2 2737.943
2011 03 11 23 56 00 2 2737.950
2011 03 11 23 55 00 2 2737.951
2011 03 11 23 54 00 2 2737.938
2011 03 11 23 53 00 2 2737.923
2011 03 11 23 52 00 2 2737.947
2011 03 11 23 51 00 2 2737.943
2011 03 11 23 50 00 2 2737.971
2011 03 11 23 49 00 2 2737.991
2011 03 11 23 48 00 2 2738.006
2011 03 11 23 47 00 2 2737.979
2011 03 11 23 46 00 2 2737.999
2011 03 11 23 45 00 2 2737.997
2011 03 11 23 44 00 2 2737.973
2011 03 11 23 43 00 2 2737.963
2011 03 11 23 42 00 2 2737.984
2011 03 11 23 41 00 2 2737.975
2011 03 11 23 40 00 2 2737.952
2011 03 11 23 39 00 2 2737.960
2011 03 11 23 38 00 2 2737.965
2011 03 11 23 37 00 2 2737.943
2011 03 11 23 36 00 2 2737.929
2011 03 11 23 35 00 2 2737.906
2011 03 11 23 34 00 2 2737.920
2011 03 11 23 33 00 2 2737.884
2011 03 11 23 32 00 2 2737.879
2011 03 11 23 31 00 2 2737.887
2011 03 11 23 30 00 2 2737.885
2011 03 11 23 29 00 2 2737.872
2011 03 11 23 28 00 2 2737.876
2011 03 11 23 27 00 2 2737.881
2011 03 11 23 26 00 2 2737.842
2011 03 11 23 25 00 2 2737.866
2011 03 11 23 24 00 2 2737.870
2011 03 11 23 23 00 2 2737.858
2011 03 11 23 22 00 2 2737.862
2011 03 11 23 21 00 2 2737.879
2011 03 11 23 20 00 2 2737.878
2011 03 11 23 19 00 2 2737.864
2011 03 11 23 18 00 2 2737.884
2011 03 11 23 17 00 2 2737.841
2011 03 11 23 16 00 2 2737.819
2011 03 11 23 15 00 2 2737.820
2011 03 11 23 14 00 2 2737.816
2011 03 11 23 13 00 2 2737.799
2011 03 11 23 12 00 2 2737.776
2011 03 11 23 11 00 2 2737.794
2011 03 11 23 10 00 2 2737.795
2011 03 11 23 09 00 2 2737.799
2011 03 11 23 08 00 2 2737.793
2011 03 11 23 07 00 2 2737.813
2011 03 11 23 06 00 2 2737.806
2011 03 11 23 05 00 2 2737.827
2011 03 11 23 04 00 2 2737.821
2011 03 11 23 03 00 2 2737.800
2011 03 11 23 02 00 2 2737.786
2011 03 11 23 01 00 2 2737.802
2011 03 11 23 00 00 2 2737.811
2011 03 11 22 59 00 2 2737.794
2011 03 11 22 58 00 2 2737.780
2011 03 11 22 57 00 2 2737.771
2011 03 11 22 56 00 2 2737.766
2011 03 11 22 55 00 2 2737.768
2011 03 11 22 54 00 2 2737.766
2011 03 11 22 53 00 2 2737.773
2011 03 11 22 52 00 2 2737.743
2011 03 11 22 51 00 2 2737.729
2011 03 11 22 50 00 2 2737.715
2011 03 11 22 49 00 2 2737.695
2011 03 11 22 48 00 2 2737.730
2011 03 11 22 47 00 2 2737.742
2011 03 11 22 46 00 2 2737.751
2011 03 11 22 45 00 2 2737.728
2011 03 11 22 44 00 2 2737.730
2011 03 11 22 43 00 2 2737.725
2011 03 11 22 42 00 2 2737.729
2011 03 11 22 41 00 2 2737.751
2011 03 11 22 40 00 2 2737.729
2011 03 11 22 39 00 2 2737.737
2011 03 11 22 38 00 2 2737.734
2011 03 11 22 37 00 2 2737.724
2011 03 11 22 36 00 2 2737.740
2011 03 11 22 35 00 2 2737.675
2011 03 11 22 34 00 2 2737.711
2011 03 11 22 33 00 2 2737.685
2011 03 11 22 32 00 2 2737.654
2011 03 11 22 31 00 2 2737.662
2011 03 11 22 30 00 2 2737.615
2011 03 11 22 29 00 2 2737.617
2011 03 11 22 28 00 2 2737.614
2011 03 11 22 27 00 2 2737.611
2011 03 11 22 26 00 2 2737.603
2011 03 11 22 25 00 2 2737.606
2011 03 11 22 24 00 2 2737.584
2011 03 11 22 23 00 2 2737.584
2011 03 11 22 22 00 2 2737.589
2011 03 11 22 21 00 2 2737.587
2011 03 11 22 20 00 2 2737.548
2011 03 11 22 19 00 2 2737.582
2011 03 11 22 18 00 2 2737.584
2011 03 11 22 17 00 2 2737.599
2011 03 11 22 16 00 2 2737.594
2011 03 11 22 15 00 2 2737.588
2011 03 11 22 14 00 2 2737.613
2011 03 11 22 13 00 2 2737.564
2011 03 11 22 12 00 2 2737.601
2011 03 11 22 11 00 2 2737.586
2011 03 11 22 10 00 2 2737.581
2011 03 11 22 09 00 2 2737.589
2011 03 11 22 08 00 2 2737.575
2011 03 11 22 07 00 2 2737.555
2011 03 11 22 06 00 2 2737.522
2011 03 11 22 05 00 2 2737.524
2011 03 11 22 04 00 2 2737.495
2011 03 11 22 03 00 2 2737.507
2011 03 11 22 02 00 2 2737.511
2011 03 11 22 01 00 2 2737.504
2011 03 11 22 00 00 2 2737.510
2011 03 11 21 59 00 2 2737.485
2011 03 11 21 58 00 2 2737.487
2011 03 11 21 57 00 2 2737.485
2011 03 11 21 56 00 2 2737.455
2011 03 11 21 55 00 2 2737.460
2011 03 11 21 54 00 2 2737.442
2011 03 11 21 53 00 2 2737.438
2011 03 11 21 52 00 2 2737.431
2011 03 11 21 51 00 2 2737.448
2011 03 11 21 50 00 2 2737.453
2011 03 11 21 49 00 2 2737.426
2011 03 11 21 48 00 2 2737.482
2011 03 11 21 47 00 2 2737.455
2011 03 11 21 46 00 2 2737.446
2011 03 11 21 45 00 2 2737.457
2011 03 11 21 44 00 2 2737.399
2011 03 11 21 43 00 2 2737.417
2011 03 11 21 42 00 2 2737.420
2011 03 11 21 41 00 2 2737.417
2011 03 11 21 40 00 2 2737.465
2011 03 11 21 39 00 2 2737.468
2011 03 11 21 38 00 2 2737.456
2011 03 11 21 37 00 2 2737.459
2011 03 11 21 36 00 2 2737.460
2011 03 11 21 35 00 2 2737.464
2011 03 11 21 34 00 2 2737.467
2011 03 11 21 33 00 2 2737.432
2011 03 11 21 32 00 2 2737.448
2011 03 11 21 31 00 2 2737.428
2011 03 11 21 30 00 2 2737.390
2011 03 11 21 29 00 2 2737.409
2011 03 11 21 28 00 2 2737.387
2011 03 11 21 27 00 2 2737.388
2011 03 11 21 26 00 2 2737.359
2011 03 11 21 25 00 2 2737.331
2011 03 11 21 24 00 2 2737.341
2011 03 11 21 23 00 2 2737.310
2011 03 11 21 22 00 2 2737.311
2011 03 11 21 21 00 2 2737.245
2011 03 11 21 20 00 2 2737.234
2011 03 11 21 19 00 2 2737.260
2011 03 11 21 18 00 2 2737.218
2011 03 11 21 17 00 2 2737.220
2011 03 11 21 16 00 2 2737.189
2011 03 11 21 15 00 2 2737.202
2011 03 11 21 14 00 2 2737.201
2011 03 11 21 13 00 2 2737.174
2011 03 11 21 12 00 2 2737.219
2011 03 11 21 11 00 2 2737.216
2011 03 11 21 10 00 2 2737.244
2011 03 11 21 09 00 2 2737.264
2011 03 11 21 08 00 2 2737.265
2011 03 11 21 07 00 2 2737.272
2011 03 11 21 06 00 2 2737.249
2011 03 11 21 05 00 2 2737.272
2011 03 11 21 04 00 2 2737.264
2011 03 11 21 03 00 2 2737.242
2011 03 11 21 02 00 2 2737.233
2011 03 11 21 01 00 2 2737.244
2011 03 11 21 00 00 2 2737.269
2011 03 11 20 59 00 2 2737.245
2011 03 11 20 58 00 2 2737.243
2011 03 11 20 57 00 2 2737.252
2011 03 11 20 56 00 2 2737.250
2011 03 11 20 55 00 2 2737.235
2011 03 11 20 54 00 2 2737.187
2011 03 11 20 53 00 2 2737.169
2011 03 11 20 52 00 2 2737.140
2011 03 11 20 51 00 2 2737.128
2011 03 11 20 50 00 2 2737.151
2011 03 11 20 49 00 2 2737.107
2011 03 11 20 48 00 2 2737.135
2011 03 11 20 47 00 2 2737.146
2011 03 11 20 46 00 2 2737.145
2011 03 11 20 45 00 2 2737.147
2011 03 11 20 44 00 2 2737.143
2011 03 11 20 43 00 2 2737.167
2011 03 11 20 42 00 2 2737.122
2011 03 11 20 41 00 2 2737.157
2011 03 11 20 40 00 2 2737.187
2011 03 11 20 39 00 2 2737.150
2011 03 11 20 38 00 2 2737.171
2011 03 11 20 37 00 2 2737.170
2011 03 11 20 36 00 2 2737.193
2011 03 11 20 35 00 2 2737.165
2011 03 11 20 34 00 2 2737.133
2011 03 11 20 33 00 2 2737.160
2011 03 11 20 32 00 2 2737.127
2011 03 11 20 31 00 2 2737.118
2011 03 11 20 30 00 2 2737.094
2011 03 11 20 29 00 2 2737.067
2011 03 11 20 28 00 2 2737.081
2011 03 11 20 27 00 2 2737.055
2011 03 11 20 26 00 2 2737.061
2011 03 11 20 25 00 2 2737.072
2011 03 11 20 24 00 2 2737.081
2011 03 11 20 23 00 2 2737.092
2011 03 11 20 22 00 2 2737.085
2011 03 11 20 21 00 2 2737.100
2011 03 11 20 20 00 2 2737.064
2011 03 11 20 19 00 2 2737.064
2011 03 11 20 18 00 2 2737.080
2011 03 11 20 17 00 2 2737.040
2011 03 11 20 16 00 2 2737.029
2011 03 11 20 15 00 2 2737.003
2011 03 11 20 14 00 2 2736.977
2011 03 11 20 13 00 2 2736.981
2011 03 11 20 12 00 2 2736.959
2011 03 11 20 11 00 2 2736.966
2011 03 11 20 10 00 2 2736.981
2011 03 11 20 09 00 2 2736.950
2011 03 11 20 08 00 2 2736.987
2011 03 11 20 07 00 2 2736.995
2011 03 11 20 06 00 2 2736.950
2011 03 11 20 05 00 2 2737.009
2011 03 11 20 04 00 2 2737.004
2011 03 11 20 03 00 2 2736.957
2011 03 11 20 02 00 2 2737.020
2011 03 11 20 01 00 2 2737.027
2011 03 11 20 00 00 2 2736.977
2011 03 11 19 59 00 2 2736.996
2011 03 11 19 58 00 2 2737.007
2011 03 11 19 57 00 2 2737.008
2011 03 11 19 56 00 2 2736.992
2011 03 11 19 55 00 2 2736.983
2011 03 11 19 54 00 2 2737.002
2011 03 11 19 53 00 2 2736.982
2011 03 11 19 52 00 2 2736.962
2011 03 11 19 51 00 2 2736.971
2011 03 11 19 50 00 2 2736.959
2011 03 11 19 49 00 2 2736.958
2011 03 11 19 48 00 2 2736.974
2011 03 11 19 47 00 2 2736.929
2011 03 11 19 46 00 2 2736.892
2011 03 11 19 45 00 2 2736.890
2011 03 11 19 44 00 2 2736.903
2011 03 11 19 43 00 2 2736.927
2011 03 11 19 42 00 2 2736.928
2011 03 11 19 41 00 2 2736.902
2011 03 11 19 40 00 2 2736.890
2011 03 11 19 39 00 2 2736.883
2011 03 11 19 38 00 2 2736.859
2011 03 11 19 37 00 2 2736.841
2011 03 11 19 36 00 2 2736.879
2011 03 11 19 35 00 2 2736.892
2011 03 11 19 34 00 2 2736.859
2011 03 11 19 33 00 2 2736.906
2011 03 11 19 32 00 2 2736.954
2011 03 11 19 31 00 2 2736.951
2011 03 11 19 30 00 2 2736.961
2011 03 11 19 29 00 2 2736.961
2011 03 11 19 28 00 2 2736.956
2011 03 11 19 27 00 2 2736.957
2011 03 11 19 26 00 2 2736.958
2011 03 11 19 25 00 2 2736.962
2011 03 11 19 24 00 2 2736.901
2011 03 11 19 23 00 2 2736.848
2011 03 11 19 22 00 2 2736.876
2011 03 11 19 21 00 2 2736.889
2011 03 11 19 20 00 2 2736.893
2011 03 11 19 19 00 2 2736.909
2011 03 11 19 18 00 2 2736.898
2011 03 11 19 17 00 2 2736.884
2011 03 11 19 16 00 2 2736.875
2011 03 11 19 15 00 2 2736.880
2011 03 11 19 14 00 2 2736.874
2011 03 11 19 13 00 2 2736.837
2011 03 11 19 12 00 2 2736.809
2011 03 11 19 11 00 2 2736.803
2011 03 11 19 10 00 2 2736.825
2011 03 11 19 09 00 2 2736.833
2011 03 11 19 08 00 2 2736.844
2011 03 11 19 07 00 2 2736.869
2011 03 11 19 06 00 2 2736.845
2011 03 11 19 05 00 2 2736.841
2011 03 11 19 04 00 2 2736.873
2011 03 11 19 03 00 2 2736.837
2011 03 11 19 02 00 2 2736.811
2011 03 11 19 01 00 2 2736.825
2011 03 11 19 00 00 2 2736.780
2011 03 11 18 59 00 2 2736.782
2011 03 11 18 58 00 2 2736.811
2011 03 11 18 57 00 2 2736.766
2011 03 11 18 56 00 2 2736.792
2011 03 11 18 55 00 2 2736.857
2011 03 11 18 54 00 2 2736.822
2011 03 11 18 53 00 2 2736.810
2011 03 11 18 52 00 2 2736.829
2011 03 11 18 51 00 2 2736.835
2011 03 11 18 50 00 2 2736.876
2011 03 11 18 49 00 2 2736.891
2011 03 11 18 48 00 2 2736.845
2011 03 11 18 47 00 2 2736.835
2011 03 11 18 46 00 2 2736.890
2011 03 11 18 45 00 2 2736.918
2011 03 11 18 44 00 2 2736.886
2011 03 11 18 43 00 2 2736.882
2011 03 11 18 42 00 2 2736.920
2011 03 11 18 41 00 2 2736.899
2011 03 11 18 40 00 2 2736.867
2011 03 11 18 39 00 2 2736.864
2011 03 11 18 38 00 2 2736.862
2011 03 11 18 37 00 2 2736.880
2011 03 11 18 36 00 2 2736.875
2011 03 11 18 35 00 2 2736.862
2011 03 11 18 34 00 2 2736.875
2011 03 11 18 33 00 2 2736.846
2011 03 11 18 32 00 2 2736.811
2011 03 11 18 31 00 2 2736.840
2011 03 11 18 30 00 2 2736.832
2011 03 11 18 29 00 2 2736.775
2011 03 11 18 28 00 2 2736.780
2011 03 11 18 27 00 2 2736.784
2011 03 11 18 26 00 2 2736.765
2011 03 11 18 25 00 2 2736.755
2011 03 11 18 24 00 2 2736.767
2011 03 11 18 23 00 2 2736.805
2011 03 11 18 22 00 2 2736.820
2011 03 11 18 21 00 2 2736.812
2011 03 11 18 20 00 2 2736.832
2011 03 11 18 19 00 2 2736.862
2011 03 11 18 18 00 2 2736.890
2011 03 11 18 17 00 2 2736.932
2011 03 11 18 16 00 2 2736.922
2011 03 11 18 15 00 2 2736.883
2011 03 11 18 14 00 2 2736.912
2011 03 11 18 13 00 2 2736.946
2011 03 11 18 12 00 2 2736.930
2011 03 11 18 11 00 2 2736.932
2011 03 11 18 10 00 2 2736.931
2011 03 11 18 09 00 2 2736.888
2011 03 11 18 08 00 2 2736.872
2011 03 11 18 07 00 2 2736.903
2011 03 11 18 06 00 2 2736.927
2011 03 11 18 05 00 2 2736.903
2011 03 11 18 04 00 2 2736.849
2011 03 11 18 03 00 2 2736.854
2011 03 11 18 02 00 2 2736.877
2011 03 11 18 01 00 2 2736.833
2011 03 11 18 00 00 2 2736.783
2011 03 11 17 59 00 2 2736.796
2011 03 11 17 58 00 2 2736.833
2011 03 11 17 57 00 2 2736.862
2011 03 11 17 56 00 2 2736.874
2011 03 11 17 55 00 2 2736.879
2011 03 11 17 54 00 2 2736.919
2011 03 11 17 53 00 2 2736.964
2011 03 11 17 52 00 2 2736.945
2011 03 11 17 51 00 2 2736.910
2011 03 11 17 50 00 2 2736.926
2011 03 11 17 49 00 2 2736.935
2011 03 11 17 48 00 2 2736.918
2011 03 11 17 47 00 2 2736.896
2011 03 11 17 46 00 2 2736.893
2011 03 11 17 45 00 2 2736.937
2011 03 11 17 44 00 2 2736.968
2011 03 11 17 43 00 2 2736.930
2011 03 11 17 42 00 2 2736.913
2011 03 11 17 41 00 2 2736.957
2011 03 11 17 40 00 2 2736.953
2011 03 11 17 39 00 2 2736.901
2011 03 11 17 38 00 2 2736.940
2011 03 11 17 37 00 2 2737.010
2011 03 11 17 36 00 2 2736.983
2011 03 11 17 35 00 2 2736.919
2011 03 11 17 34 00 2 2736.939
2011 03 11 17 33 00 2 2736.970
2011 03 11 17 32 00 2 2736.947
2011 03 11 17 31 00 2 2736.917
2011 03 11 17 30 00 2 2736.924
2011 03 11 17 29 00 2 2736.929
2011 03 11 17 28 00 2 2736.910
2011 03 11 17 27 00 2 2736.877
2011 03 11 17 26 00 2 2736.864
2011 03 11 17 25 00 2 2736.880
2011 03 11 17 24 00 2 2736.926
2011 03 11 17 23 00 2 2736.969
2011 03 11 17 22 00 2 2736.979
2011 03 11 17 21 00 2 2736.990
2011 03 11 17 20 00 2 2737.019
2011 03 11 17 19 00 2 2737.039
2011 03 11 17 18 00 2 2737.022
2011 03 11 17 17 00 2 2736.991
2011 03 11 17 16 00 2 2736.980
2011 03 11 17 15 00 2 2736.973
2011 03 11 17 14 00 2 2736.963
2011 03 11 17 13 00 2 2736.969
2011 03 11 17 12 00 2 2736.978
2011 03 11 17 11 00 2 2736.957
2011 03 11 17 10 00 2 2736.914
2011 03 11 17 09 00 2 2736.886
2011 03 11 17 08 00 2 2736.895
2011 03 11 17 07 00 2 2736.930
2011 03 11 17 06 00 2 2736.968
2011 03 11 17 05 00 2 2736.999
2011 03 11 17 04 00 2 2737.008
2011 03 11 17 03 00 2 2737.025
2011 03 11 17 02 00 2 2737.081
2011 03 11 17 01 00 2 2737.159
2011 03 11 17 00 00 2 2737.197
2011 03 11 16 59 00 2 2737.172
2011 03 11 16 58 00 2 2737.123
2011 03 11 16 57 00 2 2737.123
2011 03 11 16 56 00 2 2737.155
2011 03 11 16 55 00 2 2737.156
2011 03 11 16 54 00 2 2737.122
2011 03 11 16 53 00 2 2737.095
2011 03 11 16 52 00 2 2737.081
2011 03 11 16 51 00 2 2737.075
2011 03 11 16 50 00 2 2737.069
2011 03 11 16 49 00 2 2737.067
2011 03 11 16 48 00 2 2737.075
2011 03 11 16 47 00 2 2737.091
2011 03 11 16 46 00 2 2737.125
2011 03 11 16 45 00 2 2737.158
2011 03 11 16 44 00 2 2737.171
2011 03 11 16 43 00 2 2737.170
2011 03 11 16 42 00 2 2737.175
2011 03 11 16 41 00 2 2737.190
2011 03 11 16 40 00 2 2737.202
2011 03 11 16 39 00 2 2737.201
2011 03 11 16 38 00 2 2737.208
2011 03 11 16 37 00 2 2737.221
2011 03 11 16 36 00 2 2737.243
2011 03 11 16 35 00 2 2737.244
2011 03 11 16 34 00 2 2737.251
2011 03 11 16 33 00 2 2737.267
2011 03 11 16 32 00 2 2737.279
2011 03 11 16 31 00 2 2737.282
2011 03 11 16 30 00 2 2737.279
2011 03 11 16 29 00 2 2737.269
2011 03 11 16 28 00 2 2737.249
2011 03 11 16 27 00 2 2737.221
2011 03 11 16 26 00 2 2737.226
2011 03 11 16 25 00 2 2737.265
2011 03 11 16 24 00 2 2737.287
2011 03 11 16 23 00 2 2737.273
2011 03 11 16 22 00 2 2737.245
2011 03 11 16 21 00 2 2737.240
2011 03 11 16 20 00 2 2737.240
2011 03 11 16 19 00 2 2737.219
2011 03 11 16 18 00 2 2737.198
2011 03 11 16 17 00 2 2737.220
2011 03 11 16 16 00 2 2737.279
2011 03 11 16 15 00 2 2737.317
2011 03 11 16 14 00 2 2737.333
2011 03 11 16 13 00 2 2737.349
2011 03 11 16 12 00 2 2737.363
2011 03 11 16 11 00 2 2737.354
2011 03 11 16 10 00 2 2737.318
2011 03 11 16 09 00 2 2737.294
2011 03 11 16 08 00 2 2737.296
2011 03 11 16 07 00 2 2737.288
2011 03 11 16 06 00 2 2737.260
2011 03 11 16 05 00 2 2737.250
2011 03 11 16 04 00 2 2737.285
2011 03 11 16 03 00 2 2737.338
2011 03 11 16 02 00 2 2737.356
2011 03 11 16 01 00 2 2737.334
2011 03 11 16 00 00 2 2737.340
2011 03 11 15 59 00 2 2737.404
2011 03 11 15 58 00 2 2737.479
2011 03 11 15 57 00 2 2737.508
2011 03 11 15 56 00 2 2737.490
2011 03 11 15 55 00 2 2737.467
2011 03 11 15 54 00 2 2737.473
2011 03 11 15 53 00 2 2737.487
2011 03 11 15 52 00 2 2737.493
2011 03 11 15 51 00 2 2737.488
2011 03 11 15 50 00 2 2737.487
2011 03 11 15 49 00 2 2737.500
2011 03 11 15 48 00 2 2737.520
2011 03 11 15 47 00 2 2737.525
2011 03 11 15 46 00 2 2737.525
2011 03 11 15 45 00 2 2737.513
2011 03 11 15 44 00 2 2737.499
2011 03 11 15 43 00 2 2737.489
2011 03 11 15 42 00 2 2737.489
2011 03 11 15 41 00 2 2737.494
2011 03 11 15 40 00 2 2737.503
2011 03 11 15 39 00 2 2737.516
2011 03 11 15 38 00 2 2737.541
2011 03 11 15 37 00 2 2737.577
2011 03 11 15 36 00 2 2737.625
2011 03 11 15 35 00 2 2737.662
2011 03 11 15 34 00 2 2737.671
2011 03 11 15 33 00 2 2737.652
2011 03 11 15 32 00 2 2737.622
2011 03 11 15 31 00 2 2737.605
2011 03 11 15 30 00 2 2737.615
2011 03 11 15 29 00 2 2737.640
2011 03 11 15 28 00 2 2737.667
2011 03 11 15 27 00 2 2737.675
2011 03 11 15 26 00 2 2737.656
2011 03 11 15 25 00 2 2737.634
2011 03 11 15 24 00 2 2737.619
2011 03 11 15 23 00 2 2737.615
2011 03 11 15 22 00 2 2737.623
2011 03 11 15 21 00 2 2737.631
2011 03 11 15 20 00 2 2737.639
2011 03 11 15 19 00 2 2737.641
2011 03 11 15 18 00 2 2737.649
2011 03 11 15 17 00 2 2737.653
2011 03 11 15 16 00 2 2737.665
2011 03 11 15 15 00 2 2737.681
2011 03 11 15 14 00 2 2737.702
2011 03 11 15 13 00 2 2737.720
2011 03 11 15 12 00 2 2737.729
2011 03 11 15 11 00 2 2737.740
2011 03 11 15 10 00 2 2737.743
2011 03 11 15 09 00 2 2737.746
2011 03 11 15 08 00 2 2737.748
2011 03 11 15 07 00 2 2737.755
2011 03 11 15 06 00 2 2737.774
2011 03 11 15 05 00 2 2737.787
2011 03 11 15 04 00 2 2737.796
2011 03 11 15 03 00 2 2737.800
2011 03 11 15 02 00 2 2737.800
2011 03 11 15 01 00 2 2737.798
2011 03 11 15 00 00 2 2737.800
2011 03 11 14 59 00 2 2737.807
2011 03 11 14 58 00 2 2737.819
2011 03 11 14 57 00 2 2737.826
2011 03 11 14 56 00 2 2737.836
2011 03 11 14 55 00 2 2737.839
2011 03 11 14 54 00 2 2737.836
2011 03 11 14 53 00 2 2737.829
2011 03 11 14 52 00 2 2737.820
2011 03 11 14 51 00 2 2737.810
2011 03 11 14 50 00 2 2737.811
2011 03 11 14 49 00 2 2737.818
2011 03 11 14 48 00 2 2737.838
2011 03 11 14 47 00 2 2737.867
2011 03 11 14 46 00 2 2737.906
2011 03 11 14 45 00 2 2737.947
2011 03 11 14 44 00 2 2737.986
2011 03 11 14 43 00 2 2738.026
2011 03 11 14 42 00 2 2738.059
2011 03 11 14 41 00 2 2738.080
2011 03 11 14 40 00 2 2738.092
2011 03 11 14 39 00 2 2738.089
2011 03 11 14 38 00 2 2738.084
2011 03 11 14 37 00 2 2738.076
2011 03 11 14 36 00 2 2738.062
2011 03 11 14 35 00 2 2738.050
2011 03 11 14 34 00 2 2738.036
2011 03 11 14 33 00 2 2738.029
2011 03 11 14 32 00 2 2738.022
2011 03 11 14 31 00 2 2738.019
2011 03 11 14 30 00 2 2738.017
2011 03 11 14 29 00 2 2738.019
2011 03 11 14 28 00 2 2738.024
2011 03 11 14 27 00 2 2738.028
2011 03 11 14 26 00 2 2738.036
2011 03 11 14 25 00 2 2738.041
2011 03 11 14 24 00 2 2738.048
2011 03 11 14 23 00 2 2738.056
2011 03 11 14 22 00 2 2738.064
2011 03 11 14 21 00 2 2738.069
2011 03 11 14 20 00 2 2738.078
2011 03 11 14 19 00 2 2738.085
2011 03 11 14 18 00 2 2738.093
2011 03 11 14 17 00 2 2738.097
2011 03 11 14 16 00 2 2738.107
2011 03 11 14 15 00 2 2738.112
2011 03 11 14 14 00 2 2738.118
2011 03 11 14 13 00 2 2738.125
2011 03 11 14 12 00 2 2738.132
2011 03 11 14 11 00 2 2738.137
2011 03 11 14 10 00 2 2738.143
2011 03 11 14 09 00 2 2738.154
2011 03 11 14 08 00 2 2738.160
2011 03 11 14 07 00 2 2738.163
2011 03 11 14 06 00 2 2738.169
2011 03 11 14 05 00 2 2738.180
2011 03 11 14 04 00 2 2738.182
2011 03 11 14 03 00 2 2738.189
2011 03 11 14 02 00 2 2738.199
2011 03 11 14 01 00 2 2738.202
2011 03 11 14 00 00 1 2738.215
2011 03 11 13 59 00 2 2738.217
2011 03 11 13 58 00 2 2738.222
2011 03 11 13 57 00 2 2738.227
2011 03 11 13 56 00 2 2738.234
2011 03 11 13 55 00 2 2738.243
2011 03 11 13 54 00 2 2738.245
2011 03 11 13 53 00 2 2738.253
2011 03 11 13 52 00 2 2738.260
2011 03 11 13 51 00 2 2738.268
2011 03 11 13 50 00 2 2738.267
2011 03 11 13 49 00 2 2738.278
2011 03 11 13 48 00 2 2738.283
2011 03 11 13 47 00 2 2738.288
2011 03 11 13 46 00 2 2738.293
2011 03 11 13 45 00 1 2738.302
2011 03 11 13 44 00 2 2738.308
2011 03 11 13 43 00 2 2738.312
2011 03 11 13 42 00 2 2738.315
2011 03 11 13 41 00 2 2738.326
2011 03 11 13 40 00 2 2738.332
2011 03 11 13 39 00 2 2738.334
2011 03 11 13 38 00 2 2738.342
2011 03 11 13 37 00 2 2738.346
2011 03 11 13 36 00 2 2738.351
2011 03 11 13 35 00 2 2738.358
2011 03 11 13 34 00 2 2738.361
2011 03 11 13 33 00 2 2738.369
2011 03 11 13 32 00 2 2738.374
2011 03 11 13 31 00 2 2738.382
2011 03 11 13 30 00 1 2738.388
2011 03 11 13 29 00 2 2738.390
2011 03 11 13 28 00 2 2738.394
2011 03 11 13 27 00 2 2738.399
2011 03 11 13 26 00 2 2738.408
2011 03 11 13 25 00 2 2738.413
2011 03 11 13 24 00 2 2738.416
2011 03 11 13 23 00 2 2738.423
2011 03 11 13 22 00 2 2738.426
2011 03 11 13 21 00 2 2738.432
2011 03 11 13 20 00 2 2738.437
2011 03 11 13 19 00 2 2738.443
2011 03 11 13 18 00 2 2738.444
2011 03 11 13 17 00 2 2738.454
2011 03 11 13 16 00 2 2738.456
2011 03 11 13 15 00 1 2738.460
2011 03 11 13 14 00 2 2738.465
2011 03 11 13 13 00 2 2738.469
2011 03 11 13 12 00 2 2738.473
2011 03 11 13 11 00 2 2738.478
2011 03 11 13 10 00 2 2738.483
2011 03 11 13 09 00 2 2738.490
2011 03 11 13 08 00 2 2738.490
2011 03 11 13 07 00 2 2738.494
2011 03 11 13 06 00 2 2738.503
2011 03 11 13 05 00 2 2738.505
2011 03 11 13 04 00 2 2738.509
2011 03 11 13 03 00 2 2738.513
2011 03 11 13 02 00 2 2738.519
2011 03 11 13 01 00 2 2738.525
2011 03 11 13 00 00 1 2738.527
2011 03 11 12 45 00 1 2738.582
2011 03 11 12 30 00 1 2738.635
2011 03 11 12 15 00 1 2738.669
2011 03 11 12 00 00 1 2738.695
2011 03 11 11 45 00 1 2738.702
2011 03 11 11 30 00 1 2738.708
2011 03 11 11 15 00 1 2738.698
2011 03 11 11 00 00 1 2738.681
2011 03 11 10 45 00 1 2738.646
2011 03 11 10 30 00 1 2738.614
2011 03 11 10 15 00 1 2738.563
2011 03 11 10 00 00 1 2738.508
2011 03 11 09 45 00 1 2738.447
2011 03 11 09 30 00 1 2738.381
2011 03 11 09 15 00 1 2738.311
2011 03 11 09 00 00 1 2738.232
2011 03 11 08 45 00 1 2738.153
2011 03 11 08 30 00 1 2738.071
2011 03 11 08 15 00 1 2737.994
2011 03 11 08 00 00 1 2737.915
2011 03 11 07 45 00 1 2737.839
2011 03 11 07 30 00 1 2737.769
2011 03 11 07 15 00 1 2737.702
2011 03 11 07 00 00 1 2737.641
2011 03 11 06 45 00 1 2737.578
2011 03 11 06 30 00 1 2737.541
2011 03 11 06 15 00 1 2737.498
2011 03 11 06 00 00 1 2737.462
2011 03 11 05 45 00 1 2737.441
2011 03 11 05 30 00 1 2737.426
2011 03 11 05 15 00 1 2737.416
2011 03 11 05 00 00 1 2737.426
2011 03 11 04 45 00 1 2737.431
2011 03 11 04 30 00 1 2737.456
2011 03 11 04 15 00 1 2737.483
2011 03 11 04 00 00 1 2737.515
2011 03 11 03 45 00 1 2737.558
2011 03 11 03 30 00 1 2737.608
2011 03 11 03 15 00 1 2737.658
2011 03 11 03 00 00 1 2737.711
2011 03 11 02 45 00 1 2737.767
2011 03 11 02 30 00 1 2737.820
2011 03 11 02 15 00 1 2737.879
2011 03 11 02 00 00 1 2737.934
2011 03 11 01 45 00 1 2737.974
2011 03 11 01 30 00 1 2738.020
2011 03 11 01 15 00 1 2738.061
2011 03 11 01 00 00 1 2738.094
2011 03 11 00 45 00 1 2738.125
2011 03 11 00 30 00 1 2738.139
2011 03 11 00 15 00 1 2738.153
2011 03 11 00 00 00 1 2738.156
2011 03 10 23 45 00 1 2738.146
2011 03 10 23 30 00 1 2738.130
2011 03 10 23 15 00 1 2738.098
2011 03 10 23 00 00 1 2738.065
2011 03 10 22 45 00 1 2738.020
2011 03 10 22 30 00 1 2737.966
2011 03 10 22 15 00 1 2737.901
2011 03 10 22 00 00 1 2737.836
2011 03 10 21 45 00 1 2737.760
2011 03 10 21 30 00 1 2737.687
2011 03 10 21 15 00 1 2737.603
2011 03 10 21 00 00 1 2737.520
2011 03 10 20 45 00 1 2737.436
2011 03 10 20 30 00 1 2737.350
2011 03 10 20 15 00 1 2737.268
2011 03 10 20 00 00 1 2737.190
2011 03 10 19 45 00 1 2737.112
2011 03 10 19 30 00 1 2737.044
2011 03 10 19 15 00 1 2736.977
2011 03 10 19 00 00 1 2736.924
2011 03 10 18 45 00 1 2736.880
2011 03 10 18 30 00 1 2736.844
2011 03 10 18 15 00 1 2736.818
2011 03 10 18 00 00 1 2736.798
2011 03 10 17 45 00 1 2736.795
2011 03 10 17 30 00 1 2736.804
2011 03 10 17 15 00 1 2736.830
2011 03 10 17 00 00 1 2736.863
2011 03 10 16 45 00 1 2736.912
2011 03 10 16 30 00 1 2736.972
2011 03 10 16 15 00 1 2737.039
2011 03 10 16 00 00 1 2737.118
2011 03 10 15 45 00 1 2737.202
2011 03 10 15 30 00 1 2737.299
2011 03 10 15 15 00 1 2737.403
2011 03 10 15 00 00 1 2737.508
2011 03 10 14 45 00 1 2737.619
2011 03 10 14 30 00 1 2737.729
2011 03 10 14 15 00 1 2737.843
2011 03 10 14 00 00 1 2737.950
2011 03 10 13 45 00 1 2738.062
2011 03 10 13 30 00 1 2738.175
2011 03 10 13 15 00 1 2738.273
2011 03 10 13 00 00 1 2738.369
2011 03 10 12 45 00 1 2738.448
2011 03 10 12 30 00 1 2738.530
2011 03 10 12 15 00 1 2738.596
2011 03 10 12 00 00 1 2738.648
2011 03 10 11 45 00 1 2738.696
2011 03 10 11 30 00 1 2738.725
2011 03 10 11 15 00 1 2738.748
2011 03 10 11 00 00 1 2738.753
2011 03 10 10 45 00 1 2738.748
2011 03 10 10 30 00 1 2738.731
2011 03 10 10 15 00 1 2738.703
2011 03 10 10 00 00 1 2738.658
2011 03 10 09 45 00 1 2738.620
2011 03 10 09 30 00 1 2738.555
2011 03 10 09 15 00 1 2738.483
2011 03 10 09 00 00 1 2738.412
2011 03 10 08 45 00 1 2738.324
2011 03 10 08 30 00 1 2738.244
2011 03 10 08 15 00 1 2738.155
2011 03 10 08 00 00 1 2738.062
2011 03 10 07 45 00 1 2737.972
2011 03 10 07 30 00 1 2737.884
2011 03 10 07 15 00 1 2737.795
2011 03 10 07 00 00 1 2737.708
2011 03 10 06 45 00 1 2737.631
2011 03 10 06 30 00 1 2737.553
2011 03 10 06 15 00 1 2737.491
2011 03 10 06 00 00 1 2737.429
2011 03 10 05 45 00 1 2737.379
2011 03 10 05 30 00 1 2737.343
2011 03 10 05 15 00 1 2737.315
2011 03 10 05 00 00 1 2737.297
2011 03 10 04 45 00 1 2737.289
2011 03 10 04 30 00 1 2737.294
2011 03 10 04 15 00 1 2737.304
2011 03 10 04 00 00 1 2737.334
2011 03 10 03 45 00 1 2737.371
2011 03 10 03 30 00 1 2737.412
2011 03 10 03 15 00 1 2737.465
2011 03 10 03 00 00 1 2737.523
2011 03 10 02 45 00 1 2737.587
2011 03 10 02 30 00 1 2737.653
2011 03 10 02 15 00 1 2737.724
2011 03 10 02 00 00 1 2737.796
2011 03 10 01 45 00 1 2737.867
2011 03 10 01 30 00 1 2737.936
2011 03 10 01 15 00 1 2738.003
2011 03 10 01 00 00 1 2738.067
2011 03 10 00 45 00 1 2738.124
2011 03 10 00 30 00 1 2738.177
2011 03 10 00 15 00 1 2738.220
2011 03 10 00 00 00 1 2738.259
2011 03 09 23 45 00 1 2738.284
2011 03 09 23 30 00 1 2738.298
2011 03 09 23 15 00 1 2738.299
2011 03 09 23 00 00 1 2738.295
2011 03 09 22 45 00 1 2738.276
2011 03 09 22 30 00 1 2738.243
2011 03 09 22 15 00 1 2738.201
2011 03 09 22 00 00 1 2738.149
2011 03 09 21 45 00 1 2738.089
2011 03 09 21 30 00 1 2738.019
2011 03 09 21 15 00 1 2737.943
2011 03 09 21 00 00 1 2737.860
2011 03 09 20 45 00 1 2737.771
2011 03 09 20 30 00 1 2737.678
2011 03 09 20 15 00 1 2737.587
2011 03 09 20 00 00 1 2737.490
2011 03 09 19 45 00 1 2737.393
2011 03 09 19 30 00 1 2737.300
2011 03 09 19 15 00 1 2737.210
2011 03 09 19 00 00 1 2737.125
2011 03 09 18 45 00 1 2737.048
2011 03 09 18 30 00 1 2736.980
2011 03 09 18 15 00 1 2736.917
2011 03 09 18 00 00 1 2736.868
2011 03 09 17 45 00 1 2736.828
2011 03 09 17 30 00 1 2736.803
2011 03 09 17 15 00 1 2736.789
2011 03 09 17 00 00 1 2736.785
2011 03 09 16 45 00 1 2736.795
2011 03 09 16 30 00 1 2736.818
2011 03 09 16 15 00 1 2736.855
2011 03 09 16 00 00 1 2736.908
2011 03 09 15 45 00 1 2736.970
2011 03 09 15 30 00 1 2737.046
2011 03 09 15 15 00 1 2737.131
2011 03 09 15 00 00 1 2737.224
2011 03 09 14 45 00 1 2737.328
2011 03 09 14 30 00 1 2737.436
2011 03 09 14 15 00 1 2737.557
2011 03 09 14 00 00 1 2737.675
2011 03 09 13 45 00 1 2737.796
2011 03 09 13 30 00 1 2737.916
2011 03 09 13 15 00 1 2738.033
2011 03 09 13 00 00 1 2738.151
2011 03 09 12 45 00 1 2738.260
2011 03 09 12 30 00 1 2738.362
2011 03 09 12 15 00 1 2738.457
2011 03 09 12 00 00 1 2738.543
2011 03 09 11 45 00 1 2738.617
2011 03 09 11 30 00 1 2738.679
2011 03 09 11 15 00 1 2738.733
2011 03 09 11 00 00 1 2738.773
2011 03 09 10 45 00 1 2738.796
2011 03 09 10 30 00 1 2738.807
2011 03 09 10 15 00 1 2738.802
2011 03 09 10 00 00 1 2738.784
2011 03 09 09 45 00 1 2738.754
2011 03 09 09 30 00 1 2738.709
2011 03 09 09 15 00 1 2738.651
2011 03 09 09 00 00 1 2738.581
2011 03 09 08 45 00 1 2738.505
2011 03 09 08 30 00 1 2738.419
2011 03 09 08 15 00 1 2738.331
2011 03 09 08 00 00 1 2738.235
2011 03 09 07 45 00 1 2738.136
2011 03 09 07 30 00 1 2738.033
2011 03 09 07 15 00 1 2737.928
2011 03 09 07 00 00 1 2737.824
2011 03 09 06 45 00 1 2737.723
2011 03 09 06 30 00 1 2737.625
2011 03 09 06 15 00 1 2737.537
2011 03 09 06 00 00 1 2737.450
2011 03 09 05 45 00 1 2737.372
2011 03 09 05 30 00 1 2737.303
2011 03 09 05 15 00 1 2737.247
2011 03 09 05 00 00 1 2737.201
2011 03 09 04 45 00 1 2737.167
2011 03 09 04 30 00 1 2737.147
2011 03 09 04 15 00 1 2737.141
2011 03 09 04 00 00 1 2737.145
2011 03 09 03 45 00 1 2737.163
2011 03 09 03 30 00 1 2737.196
2011 03 09 03 15 00 1 2737.235
2011 03 09 03 00 00 1 2737.287
2011 03 09 02 45 00 1 2737.352
2011 03 09 02 30 00 1 2737.423
2011 03 09 02 15 00 1 2737.499
2011 03 09 02 00 00 1 2737.582
2011 03 09 01 45 00 1 2737.667
2011 03 09 01 30 00 1 2737.757
2011 03 09 01 15 00 1 2737.845
2011 03 09 01 00 00 1 2737.932
2011 03 09 00 45 00 1 2738.015
2011 03 09 00 30 00 1 2738.098
2011 03 09 00 15 00 1 2738.172
2011 03 09 00 00 00 1 2738.239
2011 03 08 23 45 00 1 2738.298
2011 03 08 23 30 00 1 2738.344
2011 03 08 23 15 00 1 2738.385
2011 03 08 23 00 00 1 2738.416
2011 03 08 22 45 00 1 2738.432
2011 03 08 22 30 00 1 2738.435
2011 03 08 22 15 00 1 2738.426
2011 03 08 22 00 00 1 2738.399
2011 03 08 21 45 00 1 2738.363
2011 03 08 21 30 00 1 2738.314
2011 03 08 21 15 00 1 2738.255
2011 03 08 21 00 00 1 2738.184
2011 03 08 20 45 00 1 2738.104
2011 03 08 20 30 00 1 2738.013
2011 03 08 20 15 00 1 2737.920
