#YY  MM DD hh mm ss T   HEIGHT
#yr  mo dy hr mn  s -        m
2011 03 13 18 00 00 1 3717.061
2011 03 13 17 45 00 1 3717.070
2011 03 13 17 30 00 1 3717.113
2011 03 13 17 15 00 1 3717.151
2011 03 13 17 00 00 1 3717.181
2011 03 13 16 45 00 1 3717.222
2011 03 13 16 30 00 1 3717.279
2011 03 13 16 15 00 1 3717.322
2011 03 13 16 00 00 1 3717.371
2011 03 13 15 45 00 1 3717.426
2011 03 13 15 30 00 1 3717.460
2011 03 13 15 15 00 1 3717.527
2011 03 13 15 00 00 1 3717.600
2011 03 13 14 45 00 1 3717.624
2011 03 13 14 30 00 1 3717.695
2011 03 13 14 15 00 1 3717.750
2011 03 13 14 00 00 1 3717.786
2011 03 13 13 45 00 1 3717.844
2011 03 13 13 30 00 1 3717.892
2011 03 13 13 15 00 1 3717.916
2011 03 13 13 00 00 1 3717.967
2011 03 13 12 45 00 1 3717.977
2011 03 13 12 30 00 1 3718.034
2011 03 13 12 15 00 1 3718.058
2011 03 13 12 00 00 1 3718.069
2011 03 13 11 45 00 1 3718.078
2011 03 13 11 30 00 1 3718.104
2011 03 13 11 15 00 1 3718.114
2011 03 13 11 00 00 1 3718.128
2011 03 13 10 45 00 1 3718.124
2011 03 13 10 30 00 1 3718.113
2011 03 13 10 15 00 1 3718.121
2011 03 13 10 00 00 1 3718.123
2011 03 13 09 45 00 1 3718.090
2011 03 13 09 30 00 1 3718.086
2011 03 13 09 15 00 1 3718.072
2011 03 13 09 00 00 1 3718.031
2011 03 13 08 45 00 1 3718.021
2011 03 13 08 30 00 1 3718.002
2011 03 13 08 15 00 1 3717.991
2011 03 13 08 00 00 1 3717.961
2011 03 13 07 45 00 1 3717.928
2011 03 13 07 30 00 1 3717.891
2011 03 13 07 15 00 1 3717.884
2011 03 13 07 00 00 1 3717.845
2011 03 13 06 45 00 1 3717.833
2011 03 13 06 30 00 1 3717.812
2011 03 13 06 15 00 1 3717.795
2011 03 13 06 00 00 1 3717.784
2011 03 13 05 45 00 1 3717.741
2011 03 13 05 30 00 1 3717.762
2011 03 13 05 15 00 1 3717.730
2011 03 13 05 00 00 1 3717.740
2011 03 13 04 45 00 1 3717.713
2011 03 13 04 30 00 1 3717.696
2011 03 13 04 15 00 1 3717.708
2011 03 13 04 00 00 1 3717.691
2011 03 13 03 45 00 1 3717.692
2011 03 13 03 30 00 1 3717.670
2011 03 13 03 15 00 1 3717.666
2011 03 13 03 00 00 1 3717.644
2011 03 13 02 45 00 1 3717.668
2011 03 13 02 30 00 1 3717.661
2011 03 13 02 15 00 1 3717.645
2011 03 13 02 00 00 1 3717.642
2011 03 13 01 45 00 1 3717.614
2011 03 13 01 30 00 1 3717.612
2011 03 13 01 15 00 1 3717.610
2011 03 13 01 00 00 1 3717.627
2011 03 13 00 45 00 1 3717.595
2011 03 13 00 30 00 1 3717.563
2011 03 13 00 15 00 1 3717.561
2011 03 13 00 00 00 1 3717.551
2011 03 12 23 45 00 1 3717.541
2011 03 12 23 30 00 1 3717.523
2011 03 12 23 15 00 1 3717.497
2011 03 12 23 00 00 1 3717.469
2011 03 12 22 45 00 1 3717.469
2011 03 12 22 30 00 1 3717.423
2011 03 12 22 15 00 1 3717.391
2011 03 12 22 00 00 1 3717.394
2011 03 12 21 45 00 1 3717.352
2011 03 12 21 30 00 1 3717.318
2011 03 12 21 15 00 1 3717.272
2011 03 12 21 00 00 1 3717.295
2011 03 12 20 45 00 1 3717.240
2011 03 12 20 30 00 1 3717.202
2011 03 12 20 15 00 1 3717.203
2011 03 12 20 00 00 1 3717.172
2011 03 12 19 45 00 1 3717.124
2011 03 12 19 30 00 1 3717.162
2011 03 12 19 15 00 1 3717.105
2011 03 12 19 00 00 1 3717.133
2011 03 12 18 45 00 1 3717.115
2011 03 12 18 30 00 1 3717.102
2011 03 12 18 15 00 1 3717.099
2011 03 12 18 00 00 1 3717.119
2011 03 12 17 45 00 1 3717.127
2011 03 12 17 30 00 1 3717.110
2011 03 12 17 15 00 1 3717.124
2011 03 12 17 00 00 1 3717.128
2011 03 12 16 45 00 1 3717.152
2011 03 12 16 30 00 1 3717.188
2011 03 12 16 15 00 1 3717.205
2011 03 12 16 00 00 1 3717.227
2011 03 12 15 45 00 1 3717.251
2011 03 12 15 30 00 1 3717.314
2011 03 12 15 15 00 1 3717.336
2011 03 12 15 00 00 1 3717.370
2011 03 12 14 45 00 1 3717.387
2011 03 12 14 30 00 1 3717.466
2011 03 12 14 15 00 1 3717.503
2011 03 12 14 00 00 1 3717.529
2011 03 12 13 45 00 1 3717.580
2011 03 12 13 30 00 1 3717.614
2011 03 12 13 15 00 1 3717.687
2011 03 12 13 00 00 1 3717.702
2011 03 12 12 45 00 1 3717.766
2011 03 12 12 30 00 1 3717.816
2011 03 12 12 15 00 1 3717.836
2011 03 12 12 00 00 1 3717.897
2011 03 12 11 45 00 1 3717.933
2011 03 12 11 30 00 1 3717.955
2011 03 12 11 15 00 1 3717.977
2011 03 12 11 00 00 1 3718.024
2011 03 12 10 45 00 1 3718.062
2011 03 12 10 30 00 1 3718.055
2011 03 12 10 15 00 1 3718.083
2011 03 12 10 00 00 1 3718.104
2011 03 12 09 45 00 1 3718.121
2011 03 12 09 30 00 1 3718.117
2011 03 12 09 15 00 1 3718.119
2011 03 12 09 00 00 1 3718.126
2011 03 12 08 45 00 1 3718.096
2011 03 12 08 30 00 1 3718.120
2011 03 12 08 15 00 1 3718.065
2011 03 12 08 00 00 1 3718.046
2011 03 12 07 45 00 1 3718.066
2011 03 12 07 30 00 1 3717.970
2011 03 12 07 15 00 1 3718.018
2011 03 12 07 00 00 1 3717.988
2011 03 12 06 45 00 1 3717.983
2011 03 12 06 30 00 1 3717.917
2011 03 12 06 15 00 1 3717.894
2011 03 12 06 00 00 1 3717.848
2011 03 12 05 45 00 1 3717.849
2011 03 12 05 30 00 1 3717.828
2011 03 12 05 15 00 1 3717.798
2011 03 12 05 00 00 1 3717.763
2011 03 12 04 45 00 1 3717.720
2011 03 12 04 30 00 1 3717.743
2011 03 12 04 15 00 1 3717.679
2011 03 12 04 00 00 1 3717.672
2011 03 12 03 45 00 1 3717.644
2011 03 12 03 30 00 1 3717.643
2011 03 12 03 15 00 1 3717.609
2011 03 12 03 00 00 1 3717.613
2011 03 12 02 45 00 1 3717.597
2011 03 12 02 30 00 1 3717.571
2011 03 12 02 15 00 1 3717.590
2011 03 12 01 59 00 2 3717.570
2011 03 12 01 58 00 2 3717.558
2011 03 12 01 57 00 2 3717.551
2011 03 12 01 56 00 2 3717.565
2011 03 12 01 55 00 2 3717.565
2011 03 12 01 54 00 2 3717.585
2011 03 12 01 53 00 2 3717.581
2011 03 12 01 52 00 2 3717.573
2011 03 12 01 51 00 2 3717.548
2011 03 12 01 50 00 2 3717.532
2011 03 12 01 49 00 2 3717.532
2011 03 12 01 48 00 2 3717.525
2011 03 12 01 47 00 2 3717.526
2011 03 12 01 46 00 2 3717.532
2011 03 12 01 45 00 2 3717.526
2011 03 12 01 44 00 2 3717.516
2011 03 12 01 43 00 2 3717.533
2011 03 12 01 42 00 2 3717.525
2011 03 12 01 41 00 2 3717.529
2011 03 12 01 40 00 2 3717.531
2011 03 12 01 39 00 2 3717.517
2011 03 12 01 38 00 2 3717.534
2011 03 12 01 37 00 2 3717.548
2011 03 12 01 36 00 2 3717.548
2011 03 12 01 35 00 2 3717.545
2011 03 12 01 34 00 2 3717.546
2011 03 12 01 33 00 2 3717.531
2011 03 12 01 32 00 2 3717.545
2011 03 12 01 31 00 2 3717.552
2011 03 12 01 30 00 2 3717.547
2011 03 12 01 29 00 2 3717.559
2011 03 12 01 28 00 2 3717.544
2011 03 12 01 27 00 2 3717.555
2011 03 12 01 26 00 2 3717.555
2011 03 12 01 25 00 2 3717.536
2011 03 12 01 24 00 2 3717.535
2011 03 12 01 23 00 2 3717.556
2011 03 12 01 22 00 2 3717.552
2011 03 12 01 21 00 2 3717.546
2011 03 12 01 20 00 2 3717.557
2011 03 12 01 19 00 2 3717.543
2011 03 12 01 18 00 2 3717.544
2011 03 12 01 17 00 2 3717.533
2011 03 12 01 16 00 2 3717.537
2011 03 12 01 15 00 2 3717.544
2011 03 12 01 14 00 2 3717.545
2011 03 12 01 13 00 2 3717.541
2011 03 12 01 12 00 2 3717.545
2011 03 12 01 11 00 2 3717.543
2011 03 12 01 10 00 2 3717.513
2011 03 12 01 09 00 2 3717.545
2011 03 12 01 08 00 2 3717.537
2011 03 12 01 07 00 2 3717.578
2011 03 12 01 06 00 2 3717.559
2011 03 12 01 05 00 2 3717.544
2011 03 12 01 04 00 2 3717.532
2011 03 12 01 03 00 2 3717.550
2011 03 12 01 02 00 2 3717.558
2011 03 12 01 01 00 2 3717.500
2011 03 12 01 00 00 2 3717.550
2011 03 12 00 59 00 2 3717.557
2011 03 12 00 58 00 2 3717.564
2011 03 12 00 57 00 2 3717.557
2011 03 12 00 56 00 2 3717.546
2011 03 12 00 55 00 2 3717.546
2011 03 12 00 54 00 2 3717.558
2011 03 12 00 53 00 2 3717.546
2011 03 12 00 52 00 2 3717.534
2011 03 12 00 51 00 2 3717.550
2011 03 12 00 50 00 2 3717.526
2011 03 12 00 49 00 2 3717.518
2011 03 12 00 48 00 2 3717.539
2011 03 12 00 47 00 2 3717.531
2011 03 12 00 46 00 2 3717.512
2011 03 12 00 45 00 2 3717.545
2011 03 12 00 44 00 2 3717.558
2011 03 12 00 43 00 2 3717.545
2011 03 12 00 42 00 2 3717.556
2011 03 12 00 41 00 2 3717.559
2011 03 12 00 40 00 2 3717.590
2011 03 12 00 39 00 2 3717.581
2011 03 12 00 38 00 2 3717.580
2011 03 12 00 37 00 2 3717.569
2011 03 12 00 36 00 2 3717.552
2011 03 12 00 35 00 2 3717.582
2011 03 12 00 34 00 2 3717.559
2011 03 12 00 33 00 2 3717.551
2011 03 12 00 32 00 2 3717.555
2011 03 12 00 31 00 2 3717.549
2011 03 12 00 30 00 2 3717.542
2011 03 12 00 29 00 2 3717.532
2011 03 12 00 28 00 2 3717.532
2011 03 12 00 27 00 2 3717.534
2011 03 12 00 26 00 2 3717.540
2011 03 12 00 25 00 2 3717.533
2011 03 12 00 24 00 2 3717.527
2011 03 12 00 23 00 2 3717.497
2011 03 12 00 22 00 2 3717.496
2011 03 12 00 21 00 2 3717.516
2011 03 12 00 20 00 2 3717.487
2011 03 12 00 19 00 2 3717.497
2011 03 12 00 18 00 2 3717.511
2011 03 12 00 17 00 2 3717.497
2011 03 12 00 16 00 2 3717.509
2011 03 12 00 15 00 2 3717.510
2011 03 12 00 14 00 2 3717.506
2011 03 12 00 13 00 2 3717.514
2011 03 12 00 12 00 2 3717.524
2011 03 12 00 11 00 2 3717.542
2011 03 12 00 10 00 2 3717.558
2011 03 12 00 09 00 2 3717.553
2011 03 12 00 08 00 2 3717.559
2011 03 12 00 07 00 2 3717.554
2011 03 12 00 06 00 2 3717.565
2011 03 12 00 05 00 2 3717.528
2011 03 12 00 04 00 2 3717.481
2011 03 12 00 03 00 2 3717.554
2011 03 12 00 02 00 2 3717.545
2011 03 12 00 01 00 2 3717.498
2011 03 12 00 00 00 2 3717.520
2011 03 11 23 59 00 2 3717.533
2011 03 11 23 58 00 2 3717.535
2011 03 11 23 57 00 2 3717.523
2011 03 11 23 56 00 2 3717.531
2011 03 11 23 55 00 2 3717.538
2011 03 11 23 54 00 2 3717.519
2011 03 11 23 53 00 2 3717.521
2011 03 11 23 52 00 2 3717.529
2011 03 11 23 51 00 2 3717.523
2011 03 11 23 50 00 2 3717.526
2011 03 11 23 49 00 2 3717.504
2011 03 11 23 48 00 2 3717.502
2011 03 11 23 47 00 2 3717.503
2011 03 11 23 46 00 2 3717.481
2011 03 11 23 45 00 2 3717.492
2011 03 11 23 44 00 2 3717.491
2011 03 11 23 43 00 2 3717.491
2011 03 11 23 42 00 2 3717.501
2011 03 11 23 41 00 2 3717.503
2011 03 11 23 40 00 2 3717.518
2011 03 11 23 39 00 2 3717.513
2011 03 11 23 38 00 2 3717.510
2011 03 11 23 37 00 2 3717.523
2011 03 11 23 36 00 2 3717.529
2011 03 11 23 35 00 2 3717.533
2011 03 11 23 34 00 2 3717.531
2011 03 11 23 33 00 2 3717.522
2011 03 11 23 32 00 2 3717.517
2011 03 11 23 31 00 2 3717.532
2011 03 11 23 30 00 2 3717.547
2011 03 11 23 29 00 2 3717.537
2011 03 11 23 28 00 2 3717.539
2011 03 11 23 27 00 2 3717.535
2011 03 11 23 26 00 2 3717.539
2011 03 11 23 25 00 2 3717.539
2011 03 11 23 24 00 2 3717.517
2011 03 11 23 23 00 2 3717.535
2011 03 11 23 22 00 2 3717.534
2011 03 11 23 21 00 2 3717.529
2011 03 11 23 20 00 2 3717.557
2011 03 11 23 19 00 2 3717.538
2011 03 11 23 18 00 2 3717.530
2011 03 11 23 17 00 2 3717.535
2011 03 11 23 16 00 2 3717.537
2011 03 11 23 15 00 2 3717.544
2011 03 11 23 14 00 2 3717.527
2011 03 11 23 13 00 2 3717.528
2011 03 11 23 12 00 2 3717.523
2011 03 11 23 11 00 2 3717.516
2011 03 11 23 10 00 2 3717.529
2011 03 11 23 09 00 2 3717.508
2011 03 11 23 08 00 2 3717.518
2011 03 11 23 07 00 2 3717.536
2011 03 11 23 06 00 2 3717.517
2011 03 11 23 05 00 2 3717.532
2011 03 11 23 04 00 2 3717.471
2011 03 11 23 03 00 2 3717.508
2011 03 11 23 02 00 2 3717.521
2011 03 11 23 01 00 2 3717.493
2011 03 11 23 00 00 2 3717.513
2011 03 11 22 59 00 2 3717.519
2011 03 11 22 58 00 2 3717.527
2011 03 11 22 57 00 2 3717.530
2011 03 11 22 56 00 2 3717.515
2011 03 11 22 55 00 2 3717.486
2011 03 11 22 54 00 2 3717.491
2011 03 11 22 53 00 2 3717.500
2011 03 11 22 52 00 2 3717.495
2011 03 11 22 51 00 2 3717.488
2011 03 11 22 50 00 2 3717.484
2011 03 11 22 49 00 2 3717.485
2011 03 11 22 48 00 2 3717.487
2011 03 11 22 47 00 2 3717.507
2011 03 11 22 46 00 2 3717.512
2011 03 11 22 45 00 2 3717.503
2011 03 11 22 44 00 2 3717.527
2011 03 11 22 43 00 2 3717.530
2011 03 11 22 42 00 2 3717.511
2011 03 11 22 41 00 2 3717.500
2011 03 11 22 40 00 2 3717.492
2011 03 11 22 39 00 2 3717.512
2011 03 11 22 38 00 2 3717.500
2011 03 11 22 37 00 2 3717.483
2011 03 11 22 36 00 2 3717.510
2011 03 11 22 35 00 2 3717.501
2011 03 11 22 34 00 2 3717.492
2011 03 11 22 33 00 2 3717.503
2011 03 11 22 32 00 2 3717.483
2011 03 11 22 31 00 2 3717.485
2011 03 11 22 30 00 2 3717.490
2011 03 11 22 29 00 2 3717.465
2011 03 11 22 28 00 2 3717.491
2011 03 11 22 27 00 2 3717.514
2011 03 11 22 26 00 2 3717.491
2011 03 11 22 25 00 2 3717.500
2011 03 11 22 24 00 2 3717.521
2011 03 11 22 23 00 2 3717.524
2011 03 11 22 22 00 2 3717.499
2011 03 11 22 21 00 2 3717.491
2011 03 11 22 20 00 2 3717.515
2011 03 11 22 19 00 2 3717.518
2011 03 11 22 18 00 2 3717.510
2011 03 11 22 17 00 2 3717.508
2011 03 11 22 16 00 2 3717.491
2011 03 11 22 15 00 2 3717.492
2011 03 11 22 14 00 2 3717.495
2011 03 11 22 13 00 2 3717.480
2011 03 11 22 12 00 2 3717.487
2011 03 11 22 11 00 2 3717.485
2011 03 11 22 10 00 2 3717.469
2011 03 11 22 09 00 2 3717.469
2011 03 11 22 08 00 2 3717.452
2011 03 11 22 07 00 2 3717.356
2011 03 11 22 06 00 2 3717.464
2011 03 11 22 05 00 2 3717.465
2011 03 11 22 04 00 2 3717.435
2011 03 11 22 03 00 2 3717.450
2011 03 11 22 02 00 2 3717.447
2011 03 11 22 01 00 2 3717.426
2011 03 11 22 00 00 2 3717.516
2011 03 11 21 59 00 2 3717.509
2011 03 11 21 58 00 2 3717.510
2011 03 11 21 57 00 2 3717.518
2011 03 11 21 56 00 2 3717.517
2011 03 11 21 55 00 2 3717.507
2011 03 11 21 54 00 2 3717.524
2011 03 11 21 53 00 2 3717.532
2011 03 11 21 52 00 2 3717.492
2011 03 11 21 51 00 2 3717.481
2011 03 11 21 50 00 2 3717.508
2011 03 11 21 49 00 2 3717.500
2011 03 11 21 48 00 2 3717.481
2011 03 11 21 47 00 2 3717.489
2011 03 11 21 46 00 2 3717.496
2011 03 11 21 45 00 2 3717.485
2011 03 11 21 44 00 2 3717.460
2011 03 11 21 43 00 2 3717.453
2011 03 11 21 42 00 2 3717.466
2011 03 11 21 41 00 2 3717.457
2011 03 11 21 40 00 2 3717.455
2011 03 11 21 39 00 2 3717.467
2011 03 11 21 38 00 2 3717.450
2011 03 11 21 37 00 2 3717.431
2011 03 11 21 36 00 2 3717.430
2011 03 11 21 35 00 2 3717.439
2011 03 11 21 34 00 2 3717.468
2011 03 11 21 33 00 2 3717.455
2011 03 11 21 32 00 2 3717.429
2011 03 11 21 31 00 2 3717.465
2011 03 11 21 30 00 2 3717.478
2011 03 11 21 29 00 2 3717.433
2011 03 11 21 28 00 2 3717.422
2011 03 11 21 27 00 2 3717.434
2011 03 11 21 26 00 2 3717.433
2011 03 11 21 25 00 2 3717.454
2011 03 11 21 24 00 2 3717.464
2011 03 11 21 23 00 2 3717.442
2011 03 11 21 22 00 2 3717.440
2011 03 11 21 21 00 2 3717.454
2011 03 11 21 20 00 2 3717.451
2011 03 11 21 19 00 2 3717.446
2011 03 11 21 18 00 2 3717.438
2011 03 11 21 17 00 2 3717.430
2011 03 11 21 16 00 2 3717.432
2011 03 11 21 15 00 2 3717.433
2011 03 11 21 14 00 2 3717.437
2011 03 11 21 13 00 2 3717.430
2011 03 11 21 12 00 2 3717.420
2011 03 11 21 11 00 2 3717.456
2011 03 11 21 10 00 2 3717.461
2011 03 11 21 09 00 2 3717.414
2011 03 11 21 08 00 2 3717.431
2011 03 11 21 07 00 2 3717.423
2011 03 11 21 06 00 2 3717.411
2011 03 11 21 05 00 2 3717.427
2011 03 11 21 04 00 2 3717.471
2011 03 11 21 03 00 2 3717.446
2011 03 11 21 02 00 2 3717.439
2011 03 11 21 01 00 2 3717.386
2011 03 11 21 00 00 2 3717.422
2011 03 11 20 59 00 2 3717.418
2011 03 11 20 58 00 2 3717.427
2011 03 11 20 57 00 2 3717.414
2011 03 11 20 56 00 2 3717.432
2011 03 11 20 55 00 2 3717.434
2011 03 11 20 54 00 2 3717.414
2011 03 11 20 53 00 2 3717.439
2011 03 11 20 52 00 2 3717.459
2011 03 11 20 51 00 2 3717.433
2011 03 11 20 50 00 2 3717.436
2011 03 11 20 49 00 2 3717.454
2011 03 11 20 48 00 2 3717.444
2011 03 11 20 47 00 2 3717.441
2011 03 11 20 46 00 2 3717.448
2011 03 11 20 45 00 2 3717.446
2011 03 11 20 44 00 2 3717.441
2011 03 11 20 43 00 2 3717.444
2011 03 11 20 42 00 2 3717.448
2011 03 11 20 41 00 2 3717.424
2011 03 11 20 40 00 2 3717.388
2011 03 11 20 39 00 2 3717.387
2011 03 11 20 38 00 2 3717.406
2011 03 11 20 37 00 2 3717.411
2011 03 11 20 36 00 2 3717.394
2011 03 11 20 35 00 2 3717.373
2011 03 11 20 34 00 2 3717.367
2011 03 11 20 33 00 2 3717.371
2011 03 11 20 32 00 2 3717.368
2011 03 11 20 31 00 2 3717.350
2011 03 11 20 30 00 2 3717.352
2011 03 11 20 29 00 2 3717.395
2011 03 11 20 28 00 2 3717.437
2011 03 11 20 27 00 2 3717.418
2011 03 11 20 26 00 2 3717.380
2011 03 11 20 25 00 2 3717.402
2011 03 11 20 24 00 2 3717.445
2011 03 11 20 23 00 2 3717.447
2011 03 11 20 22 00 2 3717.431
2011 03 11 20 21 00 2 3717.419
2011 03 11 20 20 00 2 3717.419
2011 03 11 20 19 00 2 3717.455
2011 03 11 20 18 00 2 3717.467
2011 03 11 20 17 00 2 3717.443
2011 03 11 20 16 00 2 3717.444
2011 03 11 20 15 00 2 3717.439
2011 03 11 20 14 00 2 3717.393
2011 03 11 20 13 00 2 3717.382
2011 03 11 20 12 00 2 3717.418
2011 03 11 20 11 00 2 3717.408
2011 03 11 20 10 00 2 3717.370
2011 03 11 20 09 00 2 3717.377
2011 03 11 20 08 00 2 3717.400
2011 03 11 20 07 00 2 3717.365
2011 03 11 20 06 00 2 3717.388
2011 03 11 20 05 00 2 3717.391
2011 03 11 20 04 00 2 3717.374
2011 03 11 20 03 00 2 3717.348
2011 03 11 20 02 00 2 3717.347
2011 03 11 20 01 00 2 3717.329
2011 03 11 20 00 00 2 3717.364
2011 03 11 19 59 00 2 3717.362
2011 03 11 19 58 00 2 3717.359
2011 03 11 19 57 00 2 3717.348
2011 03 11 19 56 00 2 3717.340
2011 03 11 19 55 00 2 3717.347
2011 03 11 19 54 00 2 3717.350
2011 03 11 19 53 00 2 3717.352
2011 03 11 19 52 00 2 3717.364
2011 03 11 19 51 00 2 3717.363
2011 03 11 19 50 00 2 3717.332
2011 03 11 19 49 00 2 3717.303
2011 03 11 19 48 00 2 3717.316
2011 03 11 19 47 00 2 3717.333
2011 03 11 19 46 00 2 3717.330
2011 03 11 19 45 00 2 3717.321
2011 03 11 19 44 00 2 3717.323
2011 03 11 19 43 00 2 3717.335
2011 03 11 19 42 00 2 3717.347
2011 03 11 19 41 00 2 3717.360
2011 03 11 19 40 00 2 3717.371
2011 03 11 19 39 00 2 3717.366
2011 03 11 19 38 00 2 3717.334
2011 03 11 19 37 00 2 3717.331
2011 03 11 19 36 00 2 3717.379
2011 03 11 19 35 00 2 3717.400
2011 03 11 19 34 00 2 3717.346
2011 03 11 19 33 00 2 3717.293
2011 03 11 19 32 00 2 3717.302
2011 03 11 19 31 00 2 3717.337
2011 03 11 19 30 00 2 3717.354
2011 03 11 19 29 00 2 3717.356
2011 03 11 19 28 00 2 3717.343
2011 03 11 19 27 00 2 3717.318
2011 03 11 19 26 00 2 3717.297
2011 03 11 19 25 00 2 3717.294
2011 03 11 19 24 00 2 3717.302
2011 03 11 19 23 00 2 3717.309
2011 03 11 19 22 00 2 3717.304
2011 03 11 19 21 00 2 3717.289
2011 03 11 19 20 00 2 3717.282
2011 03 11 19 19 00 2 3717.295
2011 03 11 19 18 00 2 3717.311
2011 03 11 19 17 00 2 3717.323
2011 03 11 19 16 00 2 3717.331
2011 03 11 19 15 00 2 3717.320
2011 03 11 19 14 00 2 3717.302
2011 03 11 19 13 00 2 3717.307
2011 03 11 19 12 00 2 3717.330
2011 03 11 19 11 00 2 3717.334
2011 03 11 19 10 00 2 3717.324
2011 03 11 19 09 00 2 3717.328
2011 03 11 19 08 00 2 3717.347
2011 03 11 19 07 00 2 3717.340
2011 03 11 19 06 00 2 3717.388
2011 03 11 19 05 00 2 3717.386
2011 03 11 19 04 00 2 3717.359
2011 03 11 19 03 00 2 3717.334
2011 03 11 19 02 00 2 3717.321
2011 03 11 19 01 00 2 3717.293
2011 03 11 19 00 00 2 3717.261
2011 03 11 18 59 00 2 3717.273
2011 03 11 18 58 00 2 3717.315
2011 03 11 18 57 00 2 3717.310
2011 03 11 18 56 00 2 3717.260
2011 03 11 18 55 00 2 3717.231
2011 03 11 18 54 00 2 3717.243
2011 03 11 18 53 00 2 3717.256
2011 03 11 18 52 00 2 3717.243
2011 03 11 18 51 00 2 3717.232
2011 03 11 18 50 00 2 3717.227
2011 03 11 18 49 00 2 3717.218
2011 03 11 18 48 00 2 3717.207
2011 03 11 18 47 00 2 3717.201
2011 03 11 18 46 00 2 3717.201
2011 03 11 18 45 00 2 3717.211
2011 03 11 18 44 00 2 3717.235
2011 03 11 18 43 00 2 3717.256
2011 03 11 18 42 00 2 3717.259
2011 03 11 18 41 00 2 3717.249
2011 03 11 18 40 00 2 3717.243
2011 03 11 18 39 00 2 3717.254
2011 03 11 18 38 00 2 3717.257
2011 03 11 18 37 00 2 3717.241
2011 03 11 18 36 00 2 3717.223
2011 03 11 18 35 00 2 3717.222
2011 03 11 18 34 00 2 3717.234
2011 03 11 18 33 00 2 3717.232
2011 03 11 18 32 00 2 3717.213
2011 03 11 18 31 00 2 3717.196
2011 03 11 18 30 00 2 3717.204
2011 03 11 18 29 00 2 3717.239
2011 03 11 18 28 00 2 3717.271
2011 03 11 18 27 00 2 3717.202
2011 03 11 18 26 00 2 3717.286
2011 03 11 18 25 00 2 3717.285
2011 03 11 18 24 00 2 3717.240
2011 03 11 18 23 00 2 3717.259
2011 03 11 18 22 00 2 3717.284
2011 03 11 18 21 00 2 3717.277
2011 03 11 18 20 00 2 3717.243
2011 03 11 18 19 00 2 3717.222
2011 03 11 18 18 00 2 3717.214
2011 03 11 18 17 00 2 3717.202
2011 03 11 18 16 00 2 3717.199
2011 03 11 18 15 00 2 3717.216
2011 03 11 18 14 00 2 3717.229
2011 03 11 18 13 00 2 3717.211
2011 03 11 18 12 00 2 3717.181
2011 03 11 18 11 00 2 3717.155
2011 03 11 18 10 00 2 3717.218
2011 03 11 18 09 00 2 3717.238
2011 03 11 18 08 00 2 3717.219
2011 03 11 18 07 00 2 3717.135
2011 03 11 18 06 00 2 3717.204
2011 03 11 18 05 00 2 3717.220
2011 03 11 18 04 00 2 3717.192
2011 03 11 18 03 00 2 3717.215
2011 03 11 18 02 00 2 3717.209
2011 03 11 18 01 00 2 3717.143
2011 03 11 18 00 00 2 3717.201
2011 03 11 17 59 00 2 3717.199
2011 03 11 17 58 00 2 3717.207
2011 03 11 17 57 00 2 3717.225
2011 03 11 17 56 00 2 3717.244
2011 03 11 17 55 00 2 3717.225
2011 03 11 17 54 00 2 3717.200
2011 03 11 17 53 00 2 3717.228
2011 03 11 17 52 00 2 3717.249
2011 03 11 17 51 00 2 3717.240
2011 03 11 17 50 00 2 3717.240
2011 03 11 17 49 00 2 3717.251
2011 03 11 17 48 00 2 3717.261
2011 03 11 17 47 00 2 3717.261
2011 03 11 17 46 00 2 3717.244
2011 03 11 17 45 00 2 3717.211
2011 03 11 17 44 00 2 3717.179
2011 03 11 17 43 00 2 3717.173
2011 03 11 17 42 00 2 3717.190
2011 03 11 17 41 00 2 3717.212
2011 03 11 17 40 00 2 3717.217
2011 03 11 17 39 00 2 3717.141
2011 03 11 17 38 00 2 3717.114
2011 03 11 17 37 00 2 3717.128
2011 03 11 17 36 00 2 3717.160
2011 03 11 17 35 00 2 3717.180
2011 03 11 17 34 00 2 3717.203
2011 03 11 17 33 00 2 3717.211
2011 03 11 17 32 00 2 3717.196
2011 03 11 17 31 00 2 3717.168
2011 03 11 17 30 00 2 3717.150
2011 03 11 17 29 00 2 3717.152
2011 03 11 17 28 00 2 3717.166
2011 03 11 17 27 00 2 3717.187
2011 03 11 17 26 00 2 3717.196
2011 03 11 17 25 00 2 3717.191
2011 03 11 17 24 00 2 3717.184
2011 03 11 17 23 00 2 3717.142
2011 03 11 17 22 00 2 3717.167
2011 03 11 17 21 00 2 3717.068
2011 03 11 17 20 00 2 3717.155
2011 03 11 17 19 00 2 3717.151
2011 03 11 17 18 00 2 3717.146
2011 03 11 17 17 00 2 3717.144
2011 03 11 17 16 00 2 3717.147
2011 03 11 17 15 00 2 3717.156
2011 03 11 17 14 00 2 3717.169
2011 03 11 17 13 00 2 3717.174
2011 03 11 17 12 00 2 3717.170
2011 03 11 17 11 00 2 3717.157
2011 03 11 17 10 00 2 3717.146
2011 03 11 17 09 00 2 3717.140
2011 03 11 17 08 00 2 3717.139
2011 03 11 17 07 00 2 3717.105
2011 03 11 17 06 00 2 3717.129
2011 03 11 17 05 00 2 3717.126
2011 03 11 17 04 00 2 3717.125
2011 03 11 17 03 00 2 3717.139
2011 03 11 17 02 00 2 3717.162
2011 03 11 17 01 00 2 3717.118
2011 03 11 17 00 00 2 3717.185
2011 03 11 16 59 00 2 3717.183
2011 03 11 16 58 00 2 3717.176
2011 03 11 16 57 00 2 3717.168
2011 03 11 16 56 00 2 3717.163
2011 03 11 16 55 00 2 3717.160
2011 03 11 16 54 00 2 3717.153
2011 03 11 16 53 00 2 3717.148
2011 03 11 16 52 00 2 3717.144
2011 03 11 16 51 00 2 3717.081
2011 03 11 16 50 00 2 3717.148
2011 03 11 16 49 00 2 3717.157
2011 03 11 16 48 00 2 3717.167
2011 03 11 16 47 00 2 3717.174
2011 03 11 16 46 00 2 3717.177
2011 03 11 16 45 00 2 3717.179
2011 03 11 16 44 00 2 3717.179
2011 03 11 16 43 00 2 3717.181
2011 03 11 16 42 00 2 3717.150
2011 03 11 16 41 00 2 3717.184
2011 03 11 16 40 00 2 3717.183
2011 03 11 16 39 00 2 3717.178
2011 03 11 16 38 00 2 3717.176
2011 03 11 16 37 00 2 3717.173
2011 03 11 16 36 00 2 3717.172
2011 03 11 16 35 00 2 3717.174
2011 03 11 16 34 00 2 3717.208
2011 03 11 16 33 00 2 3717.179
2011 03 11 16 32 00 2 3717.177
2011 03 11 16 31 00 2 3717.171
2011 03 11 16 30 00 2 3717.164
2011 03 11 16 29 00 2 3717.158
2011 03 11 16 28 00 2 3717.155
2011 03 11 16 27 00 2 3717.157
2011 03 11 16 26 00 2 3717.040
2011 03 11 16 25 00 2 3717.111
2011 03 11 16 24 00 2 3717.180
2011 03 11 16 23 00 2 3717.183
2011 03 11 16 22 00 2 3717.180
2011 03 11 16 21 00 2 3717.172
2011 03 11 16 20 00 2 3717.158
2011 03 11 16 19 00 2 3717.145
2011 03 11 16 18 00 2 3717.049
2011 03 11 16 17 00 2 3717.139
2011 03 11 16 16 00 2 3717.149
2011 03 11 16 15 00 2 3717.165
2011 03 11 16 14 00 2 3717.189
2011 03 11 16 13 00 2 3717.214
2011 03 11 16 12 00 2 3717.240
2011 03 11 16 11 00 2 3717.261
2011 03 11 16 10 00 2 3717.214
2011 03 11 16 09 00 2 3717.254
2011 03 11 16 08 00 2 3717.286
2011 03 11 16 07 00 2 3717.220
2011 03 11 16 06 00 2 3717.269
2011 03 11 16 05 00 2 3717.255
2011 03 11 16 04 00 2 3717.239
2011 03 11 16 03 00 2 3717.224
2011 03 11 16 02 00 2 3717.211
2011 03 11 16 01 00 2 3717.137
2011 03 11 16 00 00 2 3717.190
2011 03 11 15 59 00 2 3717.183
2011 03 11 15 58 00 2 3717.177
2011 03 11 15 57 00 2 3717.173
2011 03 11 15 56 00 2 3717.172
2011 03 11 15 55 00 2 3717.171
2011 03 11 15 54 00 2 3717.049
2011 03 11 15 53 00 2 3717.172
2011 03 11 15 52 00 2 3717.173
2011 03 11 15 51 00 2 3717.177
2011 03 11 15 50 00 2 3717.176
2011 03 11 15 49 00 2 3717.178
2011 03 11 15 48 00 2 3717.180
2011 03 11 15 47 00 2 3717.181
2011 03 11 15 46 00 2 3717.120
2011 03 11 15 45 00 2 3717.182
2011 03 11 15 44 00 2 3717.184
2011 03 11 15 43 00 2 3717.184
2011 03 11 15 42 00 2 3717.126
2011 03 11 15 41 00 2 3717.187
2011 03 11 15 40 00 2 3717.187
2011 03 11 15 39 00 2 3717.160
2011 03 11 15 38 00 2 3717.191
2011 03 11 15 37 00 2 3717.190
2011 03 11 15 36 00 2 3717.191
2011 03 11 15 35 00 2 3717.193
2011 03 11 15 34 00 2 3717.195
2011 03 11 15 33 00 2 3717.195
2011 03 11 15 32 00 2 3717.196
2011 03 11 15 31 00 2 3717.196
2011 03 11 15 30 00 2 3717.197
2011 03 11 15 29 00 2 3717.196
2011 03 11 15 28 00 2 3717.201
2011 03 11 15 27 00 2 3717.202
2011 03 11 15 26 00 2 3717.200
2011 03 11 15 25 00 2 3717.202
2011 03 11 15 24 00 2 3717.206
2011 03 11 15 23 00 2 3717.206
2011 03 11 15 22 00 2 3717.205
2011 03 11 15 21 00 2 3717.207
2011 03 11 15 20 00 2 3717.208
2011 03 11 15 19 00 2 3717.209
2011 03 11 15 18 00 2 3717.211
2011 03 11 15 17 00 2 3717.212
2011 03 11 15 16 00 2 3717.212
2011 03 11 15 15 00 2 3717.214
2011 03 11 15 14 00 2 3717.215
2011 03 11 15 13 00 2 3717.217
2011 03 11 15 12 00 2 3717.219
2011 03 11 15 11 00 2 3717.219
2011 03 11 15 10 00 2 3717.220
2011 03 11 15 09 00 2 3717.222
2011 03 11 15 08 00 2 3717.222
2011 03 11 15 07 00 2 3717.193
2011 03 11 15 06 00 2 3717.225
2011 03 11 15 05 00 2 3717.227
2011 03 11 15 04 00 2 3717.196
2011 03 11 15 03 00 2 3717.228
2011 03 11 15 02 00 2 3717.229
2011 03 11 15 01 00 2 3717.199
2011 03 11 15 00 00 1 3717.232
2011 03 11 14 59 00 2 3717.231
2011 03 11 14 58 00 2 3717.232
2011 03 11 14 57 00 2 3717.234
2011 03 11 14 56 00 2 3717.236
2011 03 11 14 55 00 2 3717.238
2011 03 11 14 54 00 2 3717.238
2011 03 11 14 53 00 2 3717.239
2011 03 11 14 52 00 2 3717.242
2011 03 11 14 51 00 2 3717.243
2011 03 11 14 50 00 2 3717.243
2011 03 11 14 49 00 2 3717.245
2011 03 11 14 48 00 2 3717.247
2011 03 11 14 47 00 2 3717.248
2011 03 11 14 46 00 2 3717.250
2011 03 11 14 45 00 1 3717.253
2011 03 11 14 44 00 2 3717.254
2011 03 11 14 43 00 2 3717.255
2011 03 11 14 42 00 2 3717.256
2011 03 11 14 41 00 2 3717.259
2011 03 11 14 40 00 2 3717.260
2011 03 11 14 39 00 2 3717.262
2011 03 11 14 38 00 2 3717.264
2011 03 11 14 37 00 2 3717.266
2011 03 11 14 36 00 2 3717.267
2011 03 11 14 35 00 2 3717.268
2011 03 11 14 34 00 2 3717.269
2011 03 11 14 33 00 2 3717.272
2011 03 11 14 32 00 2 3717.274
2011 03 11 14 31 00 2 3717.275
2011 03 11 14 30 00 1 3717.279
2011 03 11 14 29 00 2 3717.280
2011 03 11 14 28 00 2 3717.282
2011 03 11 14 27 00 2 3717.283
2011 03 11 14 26 00 2 3717.285
2011 03 11 14 25 00 2 3717.287
2011 03 11 14 24 00 2 3717.289
2011 03 11 14 23 00 2 3717.290
2011 03 11 14 22 00 2 3717.294
2011 03 11 14 21 00 2 3717.295
2011 03 11 14 20 00 2 3717.297
2011 03 11 14 19 00 2 3717.298
2011 03 11 14 18 00 2 3717.302
2011 03 11 14 17 00 2 3717.304
2011 03 11 14 16 00 2 3717.305
2011 03 11 14 15 00 1 3717.307
2011 03 11 14 14 00 2 3717.309
2011 03 11 14 13 00 2 3717.312
2011 03 11 14 12 00 2 3717.314
2011 03 11 14 11 00 2 3717.316
2011 03 11 14 10 00 2 3717.319
2011 03 11 14 09 00 2 3717.320
2011 03 11 14 08 00 2 3717.321
2011 03 11 14 07 00 2 3717.325
2011 03 11 14 06 00 2 3717.327
2011 03 11 14 05 00 2 3717.329
2011 03 11 14 04 00 2 3717.331
2011 03 11 14 03 00 2 3717.333
2011 03 11 14 02 00 2 3717.335
2011 03 11 14 01 00 2 3717.245
2011 03 11 14 00 00 1 3717.342
2011 03 11 13 45 00 1 3717.378
2011 03 11 13 30 00 1 3717.418
2011 03 11 13 15 00 1 3717.458
2011 03 11 13 00 00 1 3717.504
2011 03 11 12 45 00 1 3717.549
2011 03 11 12 30 00 1 3717.598
2011 03 11 12 15 00 1 3717.647
2011 03 11 12 00 00 1 3717.697
2011 03 11 11 45 00 1 3717.745
2011 03 11 11 30 00 1 3717.791
2011 03 11 11 15 00 1 3717.836
2011 03 11 11 00 00 1 3717.882
2011 03 11 10 45 00 1 3717.926
2011 03 11 10 30 00 1 3717.965
2011 03 11 10 15 00 1 3718.002
2011 03 11 10 00 00 1 3718.038
2011 03 11 09 45 00 1 3718.068
2011 03 11 09 30 00 1 3718.096
2011 03 11 09 15 00 1 3718.114
2011 03 11 09 00 00 1 3718.126
2011 03 11 08 45 00 1 3718.134
2011 03 11 08 30 00 1 3718.144
2011 03 11 08 15 00 1 3718.141
2011 03 11 08 00 00 1 3718.137
2011 03 11 07 45 00 1 3718.132
2011 03 11 07 30 00 1 3718.123
2011 03 11 07 15 00 1 3718.106
2011 03 11 07 00 00 1 3718.092
2011 03 11 06 45 00 1 3718.064
2011 03 11 06 30 00 1 3718.025
2011 03 11 06 15 00 1 3718.011
2011 03 11 06 00 00 1 3717.976
2011 03 11 05 45 00 1 3717.945
2011 03 11 05 30 00 1 3717.910
2011 03 11 05 15 00 1 3717.877
2011 03 11 05 00 00 1 3717.840
2011 03 11 04 45 00 1 3717.804
2011 03 11 04 30 00 1 3717.767
2011 03 11 04 15 00 1 3717.733
2011 03 11 04 00 00 1 3717.697
2011 03 11 03 45 00 1 3717.664
2011 03 11 03 30 00 1 3717.632
2011 03 11 03 15 00 1 3717.605
2011 03 11 03 00 00 1 3717.577
2011 03 11 02 45 00 1 3717.554
2011 03 11 02 30 00 1 3717.533
2011 03 11 02 15 00 1 3717.517
2011 03 11 02 00 00 1 3717.498
2011 03 11 01 45 00 1 3717.486
2011 03 11 01 30 00 1 3717.473
2011 03 11 01 15 00 1 3717.465
2011 03 11 01 00 00 1 3717.462
2011 03 11 00 45 00 1 3717.460
2011 03 11 00 30 00 1 3717.461
2011 03 11 00 15 00 1 3717.463
2011 03 11 00 00 00 1 3717.469
2011 03 10 23 45 00 1 3717.475
2011 03 10 23 30 00 1 3717.485
2011 03 10 23 15 00 1 3717.493
2011 03 10 23 00 00 1 3717.504
2011 03 10 22 45 00 1 3717.515
2011 03 10 22 30 00 1 3717.525
2011 03 10 22 15 00 1 3717.533
2011 03 10 22 00 00 1 3717.541
2011 03 10 21 45 00 1 3717.543
2011 03 10 21 30 00 1 3717.548
2011 03 10 21 15 00 1 3717.550
2011 03 10 21 00 00 1 3717.552
2011 03 10 20 45 00 1 3717.553
2011 03 10 20 30 00 1 3717.548
2011 03 10 20 15 00 1 3717.542
2011 03 10 20 00 00 1 3717.533
2011 03 10 19 45 00 1 3717.524
2011 03 10 19 30 00 1 3717.509
2011 03 10 19 15 00 1 3717.492
2011 03 10 19 00 00 1 3717.474
2011 03 10 18 45 00 1 3717.449
2011 03 10 18 30 00 1 3717.429
2011 03 10 18 15 00 1 3717.405
2011 03 10 18 00 00 1 3717.383
2011 03 10 17 45 00 1 3717.357
2011 03 10 17 30 00 1 3717.332
2011 03 10 17 15 00 1 3717.308
2011 03 10 17 00 00 1 3717.287
2011 03 10 16 45 00 1 3717.269
2011 03 10 16 30 00 1 3717.249
2011 03 10 16 15 00 1 3717.230
2011 03 10 16 00 00 1 3717.213
2011 03 10 15 45 00 1 3717.200
2011 03 10 15 30 00 1 3717.193
2011 03 10 15 15 00 1 3717.188
2011 03 10 15 00 00 1 3717.187
2011 03 10 14 45 00 1 3717.191
2011 03 10 14 30 00 1 3717.198
2011 03 10 14 15 00 1 3717.210
2011 03 10 14 00 00 1 3717.227
2011 03 10 13 45 00 1 3717.248
2011 03 10 13 30 00 1 3717.275
2011 03 10 13 15 00 1 3717.304
2011 03 10 13 00 00 1 3717.340
2011 03 10 12 45 00 1 3717.379
2011 03 10 12 30 00 1 3717.421
2011 03 10 12 15 00 1 3717.461
2011 03 10 12 00 00 1 3717.507
2011 03 10 11 45 00 1 3717.555
2011 03 10 11 30 00 1 3717.609
2011 03 10 11 15 00 1 3717.661
2011 03 10 11 00 00 1 3717.716
2011 03 10 10 45 00 1 3717.768
2011 03 10 10 30 00 1 3717.819
2011 03 10 10 15 00 1 3717.866
2011 03 10 10 00 00 1 3717.915
2011 03 10 09 45 00 1 3717.959
2011 03 10 09 30 00 1 3718.002
2011 03 10 09 15 00 1 3718.038
2011 03 10 09 00 00 1 3718.071
2011 03 10 08 45 00 1 3718.097
2011 03 10 08 30 00 1 3718.118
2011 03 10 08 15 00 1 3718.136
2011 03 10 08 00 00 1 3718.145
2011 03 10 07 45 00 1 3718.153
2011 03 10 07 30 00 1 3718.156
2011 03 10 07 15 00 1 3718.150
2011 03 10 07 00 00 1 3718.142
2011 03 10 06 45 00 1 3718.129
2011 03 10 06 30 00 1 3718.112
2011 03 10 06 15 00 1 3718.090
2011 03 10 06 00 00 1 3718.064
2011 03 10 05 45 00 1 3718.029
2011 03 10 05 30 00 1 3717.990
2011 03 10 05 15 00 1 3717.951
2011 03 10 05 00 00 1 3717.909
2011 03 10 04 45 00 1 3717.862
2011 03 10 04 30 00 1 3717.818
2011 03 10 04 15 00 1 3717.775
2011 03 10 04 00 00 1 3717.731
2011 03 10 03 45 00 1 3717.689
2011 03 10 03 30 00 1 3717.645
2011 03 10 03 15 00 1 3717.603
2011 03 10 03 00 00 1 3717.567
2011 03 10 02 45 00 1 3717.537
2011 03 10 02 30 00 1 3717.505
2011 03 10 02 15 00 1 3717.479
2011 03 10 02 00 00 1 3717.452
2011 03 10 01 45 00 1 3717.429
2011 03 10 01 30 00 1 3717.411
2011 03 10 01 15 00 1 3717.400
2011 03 10 01 00 00 1 3717.390
2011 03 10 00 45 00 1 3717.386
2011 03 10 00 30 00 1 3717.383
2011 03 10 00 15 00 1 3717.386
2011 03 10 00 00 00 1 3717.391
2011 03 09 23 45 00 1 3717.404
2011 03 09 23 30 00 1 3717.422
2011 03 09 23 15 00 1 3717.438
2011 03 09 23 00 00 1 3717.458
2011 03 09 22 45 00 1 3717.478
2011 03 09 22 30 00 1 3717.502
2011 03 09 22 15 00 1 3717.528
2011 03 09 22 00 00 1 3717.550
2011 03 09 21 45 00 1 3717.573
2011 03 09 21 30 00 1 3717.592
2011 03 09 21 15 00 1 3717.609
2011 03 09 21 00 00 1 3717.626
2011 03 09 20 45 00 1 3717.643
2011 03 09 20 30 00 1 3717.654
2011 03 09 20 15 00 1 3717.662
2011 03 09 20 00 00 1 3717.666
2011 03 09 19 45 00 1 3717.668
2011 03 09 19 30 00 1 3717.666
2011 03 09 19 15 00 1 3717.661
2011 03 09 19 00 00 1 3717.650
2011 03 09 18 45 00 1 3717.636
2011 03 09 18 30 00 1 3717.614
2011 03 09 18 15 00 1 3717.589
2011 03 09 18 00 00 1 3717.563
2011 03 09 17 45 00 1 3717.539
2011 03 09 17 30 00 1 3717.507
2011 03 09 17 15 00 1 3717.475
2011 03 09 17 00 00 1 3717.441
2011 03 09 16 45 00 1 3717.408
2011 03 09 16 30 00 1 3717.377
2011 03 09 16 15 00 1 3717.341
2011 03 09 16 00 00 1 3717.309
2011 03 09 15 45 00 1 3717.279
2011 03 09 15 30 00 1 3717.253
2011 03 09 15 15 00 1 3717.227
2011 03 09 15 00 00 1 3717.206
2011 03 09 14 45 00 1 3717.188
2011 03 09 14 30 00 1 3717.170
2011 03 09 14 15 00 1 3717.159
2011 03 09 14 00 00 1 3717.155
2011 03 09 13 45 00 1 3717.159
2011 03 09 13 30 00 1 3717.165
2011 03 09 13 15 00 1 3717.179
2011 03 09 13 00 00 1 3717.198
2011 03 09 12 45 00 1 3717.224
2011 03 09 12 30 00 1 3717.253
2011 03 09 12 15 00 1 3717.288
2011 03 09 12 00 00 1 3717.329
2011 03 09 11 45 00 1 3717.373
2011 03 09 11 30 00 1 3717.422
2011 03 09 11 15 00 1 3717.473
2011 03 09 11 00 00 1 3717.527
2011 03 09 10 45 00 1 3717.584
2011 03 09 10 30 00 1 3717.643
2011 03 09 10 15 00 1 3717.704
2011 03 09 10 00 00 1 3717.763
2011 03 09 09 45 00 1 3717.824
2011 03 09 09 30 00 1 3717.882
2011 03 09 09 15 00 1 3717.934
2011 03 09 09 00 00 1 3717.982
2011 03 09 08 45 00 1 3718.029
2011 03 09 08 30 00 1 3718.068
2011 03 09 08 15 00 1 3718.101
2011 03 09 08 00 00 1 3718.131
2011 03 09 07 45 00 1 3718.150
2011 03 09 07 30 00 1 3718.167
2011 03 09 07 15 00 1 3718.175
2011 03 09 07 00 00 1 3718.179
2011 03 09 06 45 00 1 3718.175
2011 03 09 06 30 00 1 3718.165
2011 03 09 06 15 00 1 3718.147
2011 03 09 06 00 00 1 3718.124
2011 03 09 05 45 00 1 3718.095
2011 03 09 05 30 00 1 3718.063
2011 03 09 05 15 00 1 3718.024
2011 03 09 05 00 00 1 3717.984
2011 03 09 04 45 00 1 3717.937
2011 03 09 04 30 00 1 3717.890
2011 03 09 04 15 00 1 3717.840
2011 03 09 04 00 00 1 3717.787
2011 03 09 03 45 00 1 3717.733
2011 03 09 03 30 00 1 3717.682
2011 03 09 03 15 00 1 3717.632
2011 03 09 03 00 00 1 3717.580
2011 03 09 02 45 00 1 3717.534
2011 03 09 02 30 00 1 3717.489
2011 03 09 02 15 00 1 3717.448
2011 03 09 02 00 00 1 3717.412
2011 03 09 01 45 00 1 3717.380
2011 03 09 01 30 00 1 3717.351
2011 03 09 01 15 00 1 3717.327
2011 03 09 01 00 00 1 3717.309
2011 03 09 00 45 00 1 3717.299
2011 03 09 00 30 00 1 3717.291
2011 03 09 00 15 00 1 3717.292
2011 03 09 00 00 00 1 3717.296
2011 03 08 23 45 00 1 3717.305
2011 03 08 23 30 00 1 3717.322
2011 03 08 23 15 00 1 3717.346
2011 03 08 23 00 00 1 3717.371
2011 03 08 22 45 00 1 3717.401
2011 03 08 22 30 00 1 3717.431
2011 03 08 22 15 00 1 3717.467
2011 03 08 22 00 00 1 3717.504
2011 03 08 21 45 00 1 3717.544
2011 03 08 21 30 00 1 3717.579
2011 03 08 21 15 00 1 3717.613
2011 03 08 21 00 00 1 3717.648
2011 03 08 20 45 00 1 3717.682
2011 03 08 20 30 00 1 3717.714
