-2.089500000000000000e+04 -2.540216840225184569e-02
-1.999500000000000000e+04 -8.942704707806115039e-04
-1.909500000000000000e+04 1.196647965116426349e-02
-1.819499999999989086e+04 1.501978786291147117e-02
-1.729499999999989086e+04 1.531856827750743832e-02
-1.639500000000010914e+04 1.029194088641816052e-02
-1.549500000000010914e+04 5.885293760002241470e-03
-1.459500000000000000e+04 3.679605362776783295e-03
-1.369500000000000000e+04 -7.917040420579724014e-06
-1.279500000000000000e+04 -2.039961071204743348e-03
-1.189500000000000000e+04 -2.390202312199107837e-03
-1.099499999999989086e+04 -4.087697653631039429e-03
-1.009499999999989086e+04 -7.173028625402366742e-03
-9.195000000000109139e+03 -9.664757916652888525e-03
-8.295000000000109139e+03 -9.534871145660872571e-03
-7.395000000000000000e+03 -1.069197979541058885e-02
-6.495000000000000000e+03 -1.297116050500335405e-02
-5.595000000000000000e+03 -9.129400392339448445e-03
-4.695000000000000000e+03 -8.845708200169610791e-03
-3.794999999999890861e+03 -9.725036678901233245e-03
-2.894999999999890861e+03 -7.305242846996407025e-03
-2.894999999999890861e+03 -7.305242846996407025e-03
-2.835000000000000000e+03 -7.494179124478250742e-03
-2.775000000000000000e+03 -6.692663462672499008e-03
-2.715000000000109139e+03 -6.900532636791467667e-03
-2.655000000000000000e+03 -7.117622523765021469e-03
-2.594999999999890861e+03 -7.343768121245375369e-03
-2.535000000000000000e+03 -6.578803561751556117e-03
-2.474999999999890861e+03 -6.822562128036224749e-03
-2.415000000000109139e+03 -6.074876271668472327e-03
-2.355000000000000000e+03 -6.335577627396560274e-03
-2.295000000000109139e+03 -6.604497026273747906e-03
-2.235000000000000000e+03 -6.881464518301072530e-03
-2.174999999999890861e+03 -7.166309384047053754e-03
-2.115000000000109139e+03 -6.458860149905376602e-03
-2.055000000000000000e+03 -5.758944613262428902e-03
-1.995000000000109139e+03 -6.066389844818331767e-03
-1.995000000000109139e+03 -6.066389844818331767e-03
-1.935000000000000000e+03 -7.381022220215527341e-03
-1.874999999999890861e+03 -6.702667426907282788e-03
-1.815000000000000000e+03 -7.031150479633652139e-03
-1.755000000000000000e+03 -6.366295750922290608e-03
-1.695000000000109139e+03 -6.707926969284017105e-03
-1.635000000000000000e+03 -6.055867245777335484e-03
-1.574999999999890861e+03 -5.409939097262395080e-03
-1.515000000000000000e+03 -5.769964449427789077e-03
-1.455000000000000000e+03 -5.135764659826236311e-03
-1.395000000000109139e+03 -6.507160540422773920e-03
-1.335000000000000000e+03 -4.883972369498223998e-03
-1.274999999999890861e+03 -5.266019906230212655e-03
-1.215000000000000000e+03 -5.653122410876676440e-03
-1.155000000000000000e+03 -5.045098668233549688e-03
-1.095000000000109139e+03 -4.441766987838491332e-03
-1.095000000000109139e+03 -5.441766987132723443e-03
-1.035000000000000000e+03 -4.842945240852714051e-03
-9.749999999998908606e+02 -5.248450865110498853e-03
-9.150000000000000000e+02 -4.658100886445026845e-03
-8.549999999998908606e+02 -5.071711932941980194e-03
-7.950000000001091394e+02 -4.489100256250821985e-03
-7.350000000000000000e+02 -4.910081750495010056e-03
-6.750000000001091394e+02 -4.334471958827634808e-03
-6.150000000000000000e+02 -4.762086104165064171e-03
-5.549999999998908606e+02 -4.192739100290054921e-03
-4.950000000000000000e+02 -6.626245566621946637e-03
-4.350000000000000000e+02 -6.062419848603894934e-03
-3.750000000001091394e+02 -5.501076036125596147e-03
-3.150000000000000000e+02 -5.942027982200670522e-03
-2.549999999998908606e+02 -6.385089313880598638e-03
-1.950000000000000000e+02 -6.830073455603269394e-03
-1.950000000000000000e+02 -6.830073455603269394e-03
-1.350000000000000000e+02 -5.276793644043209497e-03
-7.500000000010913936e+01 -5.725062947021797299e-03
-1.500000000000000000e+01 -5.174694275410729460e-03
4.500000000010913936e+01 -5.625500410133099649e-03
1.050000000000000000e+02 -7.077294008922763169e-03
1.650000000000000000e+02 -5.529887635930208489e-03
2.249999999998908606e+02 -5.983093760733027011e-03
2.850000000000000000e+02 -5.436724799437797628e-03
3.450000000001091394e+02 -5.890593108233588282e-03
4.050000000000000000e+02 -5.344511014300223906e-03
4.650000000001091394e+02 -5.798290836537489668e-03
5.249999999998908606e+02 -6.251744886867527384e-03
5.850000000000000000e+02 -2.704685498429171275e-03
6.449999999998908606e+02 -5.156925048140692525e-03
7.050000000000000000e+02 -2.608275956845318433e-03
7.050000000000000000e+02 -4.608275957252772059e-03
7.650000000001091394e+02 -3.058550724745145999e-03
8.249999999998908606e+02 -2.507561929633084219e-03
8.850000000000000000e+02 -4.955122259161726106e-03
9.449999999998908606e+02 -3.401044522433949169e-03
1.005000000000000000e+03 -4.845141667829011567e-03
1.065000000000109139e+03 -2.287226793669105973e-03
1.125000000000000000e+03 -5.727113171815290116e-03
1.185000000000000000e+03 -1.646142645768122748e-04
1.244999999999890861e+03 -6.599543733500468079e-03
1.305000000000000000e+03 9.682845275165163912e-04
1.365000000000109139e+03 -4.460943598132871557e-03
1.425000000000000000e+03 -1.887042492853652220e-03
1.485000000000000000e+03 -5.309826804477779660e-03
1.544999999999890861e+03 1.270888528779323678e-03
1.544999999999890861e+03 9.270888528590148780e-03
1.544999999999890861e+03 -3.729111471329815686e-03
1.544999999999890861e+03 -3.472911147127888398e-02
1.544999999999890861e+03 6.327088852867746027e-02
1.605000000000000000e+03 -7.144711732507857960e-03
1.605000000000000000e+03 5.185528826768859290e-02
1.605000000000000000e+03 4.285528826767404098e-02
1.605000000000000000e+03 7.985528826793597545e-02
1.605000000000000000e+03 8.685528826754307374e-02
1.665000000000109139e+03 -1.655644314814708196e-02
1.665000000000109139e+03 9.144355685202754103e-02
1.665000000000109139e+03 9.544355685193295358e-02
1.665000000000109139e+03 9.944355685183836613e-02
1.665000000000109139e+03 8.744355685212212848e-02
1.725000000000000000e+03 5.035878388298442587e-03
1.725000000000000000e+03 7.403587838780367747e-02
1.725000000000000000e+03 9.203587838783278130e-02
1.725000000000000000e+03 1.100358783878618851e-01
1.725000000000000000e+03 -5.296412161169428146e-02
1.785000000000000000e+03 1.463243662874447182e-02
1.844999999999890861e+03 -1.976658504463557620e-02
1.905000000000000000e+03 -1.610036279089399613e-04
1.965000000000109139e+03 -1.550636519823456183e-03
2.025000000000000000e+03 2.064698461254010908e-03
2.085000000000109139e+03 2.685183073481312022e-03
2.144999999999890861e+03 -1.568900137954187812e-02
2.205000000000000000e+03 1.294232594591449015e-02
2.264999999999890861e+03 -1.142065458043362014e-02
2.325000000000000000e+03 -3.777763092330133077e-03
2.385000000000109139e+03 -8.128820224555965979e-03
2.445000000000000000e+03 5.526352857486926951e-03
2.505000000000000000e+03 -8.812065541860647500e-03
2.564999999999890861e+03 2.856102315490716137e-03
2.625000000000000000e+03 -7.468966397027543280e-03
2.685000000000109139e+03 1.212904910062206909e-03
2.745000000000000000e+03 -2.098107775054813828e-03
2.805000000000000000e+03 -8.401829079957678914e-03
2.864999999999890861e+03 -6.980842608754755929e-04
2.925000000000000000e+03 1.330078157479874790e-05
2.985000000000109139e+03 -1.267500511858088430e-03
3.045000000000000000e+03 -6.540315373058547266e-03
3.105000000000000000e+03 -1.804971722776826937e-03
3.164999999999890861e+03 -5.061298183136386797e-03
3.225000000000000000e+03 -3.091240905632730573e-04
3.285000000000109139e+03 -2.548279515394824557e-03
3.345000000000000000e+03 -5.778595270385267213e-03
3.405000000000109139e+03 -6.999902925599599257e-03
3.464999999999890861e+03 -1.212034821946872398e-03
3.525000000000000000e+03 2.585175908279779833e-03
3.585000000000109139e+03 -7.608104660903336480e-03
3.645000000000000000e+03 -4.791711269717779942e-03
3.705000000000109139e+03 1.034520514622272458e-03
3.764999999999890861e+03 -9.129245717304002028e-03
3.825000000000000000e+03 -5.282847219859831966e-03
3.884999999999890861e+03 1.573877875671314541e-03
3.945000000000000000e+03 -6.558909431987558492e-03
4.005000000000109139e+03 -2.681049040802463423e-03
4.065000000000000000e+03 -6.792381749619380571e-03
4.125000000000000000e+03 1.072507220669649541e-04
4.184999999999890861e+03 -8.981994275927718263e-03
4.245000000000000000e+03 -3.059960335122013930e-03
4.305000000000109139e+03 -3.126491998045821674e-03
4.365000000000000000e+03 -4.181434782367432490e-03
4.425000000000000000e+03 -1.224635179823962972e-03
4.484999999999890861e+03 -4.255940669281699229e-03
4.545000000000000000e+03 -5.275199745483405422e-03
4.605000000000109139e+03 -3.282261907770589460e-03
4.665000000000000000e+03 -2.276977682413416915e-03
4.725000000000000000e+03 -2.591986412880942225e-04
4.784999999999890861e+03 -1.228777401593106333e-03
4.845000000000000000e+03 -4.185567642707610503e-03
4.905000000000109139e+03 8.705758855285239406e-04
4.965000000000000000e+03 -3.060202654523891397e-03
5.025000000000109139e+03 -1.977760191039124038e-03
5.084999999999890861e+03 1.180452372864237987e-04
5.145000000000000000e+03 -7.726455196461756714e-04
5.204999999999890861e+03 3.503072566672926769e-04
5.265000000000000000e+03 -3.512957850034581497e-03
5.325000000000109139e+03 -3.623034044721862301e-04
5.384999999999890861e+03 -1.197593132928886916e-03
5.445000000000000000e+03 -1.018691926219617017e-03
5.504999999999890861e+03 -8.254658559962990694e-04
5.565000000000000000e+03 -6.177821842356934212e-04
5.625000000000109139e+03 -2.395509369307546876e-03
5.685000000000000000e+03 -1.158517077783471905e-03
5.745000000000000000e+03 9.332380705018294975e-05
5.804999999999890861e+03 -2.639858829752483871e-03
5.865000000000000000e+03 -1.357938335786457174e-03
5.925000000000109139e+03 9.392106931045418605e-04
5.985000000000000000e+03 2.517124066798714921e-04
6.045000000000000000e+03 -1.420310308276384603e-03
6.104999999999890861e+03 -2.076735841910704039e-03
6.165000000000000000e+03 -7.174438587753684260e-04
6.225000000000109139e+03 -3.423153175390325487e-04
6.285000000000000000e+03 -9.512324786555836909e-04
6.345000000000109139e+03 3.455921093518554699e-03
6.404999999999890861e+03 -2.120739480233169161e-03
6.465000000000000000e+03 -6.811004041082924232e-04
6.525000000000109139e+03 -1.225049210916040465e-03
6.585000000000000000e+03 -7.524747761635808274e-04
6.645000000000109139e+03 -2.632673213156522252e-04
6.704999999999890861e+03 2.426815781291224994e-04
6.765000000000000000e+03 -2.345210141356801614e-04
6.824999999999890861e+03 -6.947694055270403624e-04
6.885000000000000000e+03 -1.379592804369167425e-04
6.945000000000109139e+03 -5.639877053909003735e-04
7.005000000000000000e+03 -1.972753139853011817e-03
7.065000000000000000e+03 1.635844560951227322e-03
7.124999999999890861e+03 2.619041397338151000e-04
7.185000000000000000e+03 1.905522922243108042e-03
7.245000000000109139e+03 1.566796826409699861e-03
7.305000000000000000e+03 -7.541796667283051647e-04
7.365000000000000000e+03 1.942686506481550168e-03
7.424999999999890861e+03 -3.425130298637668602e-04
7.485000000000000000e+03 -1.609688096323225182e-03
7.545000000000109139e+03 2.141250040949671529e-03
7.605000000000000000e+03 -8.961133880802663043e-05
7.665000000000000000e+03 6.978135907047544606e-04
7.724999999999890861e+03 -4.963908195350086316e-04
7.785000000000000000e+03 2.327858326680143364e-03
7.845000000000109139e+03 -1.829357563110534102e-03
7.905000000000000000e+03 3.032041445294453297e-03
7.965000000000109139e+03 9.121338043769355863e-04
8.024999999999890861e+03 -1.189003528452303726e-03
8.085000000000000000e+03 -2.712950881686992943e-04
8.144999999999890861e+03 3.665333093522349373e-03
8.205000000000000000e+03 -1.379046518195536919e-03
8.265000000000109139e+03 -4.043629651278024539e-04
8.324999999999890861e+03 1.589453192536893766e-03
8.385000000000000000e+03 6.024698941473616287e-04
8.444999999999890861e+03 6.347535445456742309e-04
8.505000000000000000e+03 -3.136309669571346603e-04
8.565000000000109139e+03 7.573797247459879145e-04
8.625000000000000000e+03 -1.521525528005440719e-04
8.685000000000000000e+03 1.957832502739620395e-03
8.744999999999890861e+03 -9.126063487201463431e-04
8.805000000000000000e+03 -7.634118856003624387e-04
8.865000000000109139e+03 -5.945284274275763892e-04
8.925000000000000000e+03 -2.405901841484592296e-03
8.985000000000000000e+03 -1.197479541588108987e-03
9.044999999999890861e+03 3.030789508557063527e-03
9.105000000000000000e+03 -3.721045210113516077e-03
9.165000000000109139e+03 -3.452935775385412853e-03
9.225000000000000000e+03 -1.164835816780396271e-03
9.285000000000109139e+03 -1.856700526332133450e-03
9.344999999999890861e+03 -2.528486659684858751e-03
9.405000000000000000e+03 -2.180152532673673704e-03
9.465000000000109139e+03 -1.811658029509999324e-03
9.525000000000000000e+03 -2.422964601464627776e-03
9.585000000000109139e+03 -2.014035264437552541e-03
9.644999999999890861e+03 -5.848346127095283009e-04
9.705000000000000000e+03 -3.135328801363357343e-03
9.764999999999890861e+03 -2.665485563738911878e-03
9.825000000000000000e+03 -2.175274205001187511e-03
9.885000000000109139e+03 -2.664665605152549688e-03
9.945000000000000000e+03 -3.133632213575765491e-03
1.000500000000000000e+04 -4.582148067129310220e-03
1.006499999999989086e+04 -3.010188761436438654e-03
1.012500000000000000e+04 -3.417731484660180286e-03
1.018500000000010914e+04 -5.804754986456828192e-03
1.024500000000000000e+04 -3.171239603034337051e-03
1.030500000000000000e+04 -2.517167245969176292e-03
1.036499999999989086e+04 -5.842521399245015346e-03
1.042500000000000000e+04 -4.147287124396825675e-03
1.048500000000010914e+04 -4.431451056916557718e-03
1.054500000000000000e+04 -4.695001409345422871e-03
1.060500000000000000e+04 -4.937927970786404330e-03
1.066499999999989086e+04 -4.160222095379140228e-03
1.072500000000000000e+04 -4.361876720395230222e-03
1.078500000000010914e+04 -5.542886351577180903e-03
1.084500000000000000e+04 -4.703247058387205470e-03
1.090500000000010914e+04 -4.842956489483185578e-03
1.096499999999989086e+04 -3.962013856835255865e-03
1.102500000000000000e+04 -4.060419939378334675e-03
1.108499999999989086e+04 -6.138177081993489992e-03
1.114500000000000000e+04 -4.195289187919115648e-03
1.120500000000010914e+04 -4.231761731716687791e-03
1.126499999999989086e+04 -7.247601739436504431e-03
1.132500000000000000e+04 -7.242817799124168232e-03
1.138499999999989086e+04 -6.217420049324573483e-03
1.144500000000000000e+04 -6.171420186547038611e-03
1.150500000000010914e+04 -7.104831460310379043e-03
1.156500000000000000e+04 -7.017668657681497280e-03
1.162500000000000000e+04 -7.909948121778143104e-03
1.168499999999989086e+04 -7.781687735587183852e-03
1.174500000000000000e+04 -9.632906920160166919e-03
1.180500000000000000e+04 -8.463626636512344703e-03
1.186500000000000000e+04 -5.273869378470408265e-03
1.192500000000000000e+04 -8.063659168328740634e-03
1.198500000000000000e+04 -7.833021564692899119e-03
1.204500000000000000e+04 -8.581983637668599840e-03
1.210500000000000000e+04 -7.310573989343538415e-03
1.216500000000000000e+04 -8.018822732083208393e-03
1.222500000000000000e+04 -6.706761495479440782e-03
1.228500000000000000e+04 -7.374423416877107229e-03
1.234500000000000000e+04 -8.021843141250428744e-03
1.240500000000000000e+04 -5.649056813126662746e-03
1.246500000000000000e+04 -4.256102075487433467e-03
1.252500000000000000e+04 -7.843018065614160150e-03
1.258500000000000000e+04 -6.409845407688408159e-03
1.264500000000000000e+04 -5.956626214356219862e-03
1.270500000000000000e+04 -3.483404072539997287e-03
1.276500000000000000e+04 -1.990224050132383127e-03
1.282500000000000000e+04 -5.477132681335206144e-03
1.288500000000000000e+04 -5.944177970377495512e-03
1.294500000000000000e+04 -1.391409376992669422e-03
1.300500000000000000e+04 -4.818877823709044605e-03
1.306500000000000000e+04 -5.226635676990554202e-03
1.312500000000000000e+04 -1.614736753253964707e-03
1.318500000000000000e+04 -2.983236301588476636e-03
1.324500000000000000e+04 -3.332191016852448229e-03
1.330500000000000000e+04 -3.661659015961049590e-03
1.336500000000000000e+04 -3.971699838984932285e-03
1.342500000000000000e+04 -3.262374445512250531e-03
1.348500000000000000e+04 -3.533745205459126737e-03
1.354500000000000000e+04 -3.785875897847290616e-03
1.360500000000000000e+04 -3.018831696863344405e-03
1.366500000000000000e+04 -3.232679173379437998e-03
1.372500000000000000e+04 -2.427486288979707751e-03
1.378500000000000000e+04 -6.033223762642592192e-04
1.384500000000000000e+04 -1.760258151080051903e-03
1.390500000000000000e+04 -3.898365699569694698e-03
1.396500000000000000e+04 -3.017718462615448516e-03
1.402500000000000000e+04 -1.118391239288030192e-03
1.408500000000000000e+04 -1.200460176733031403e-03
1.414500000000000000e+04 -4.264002765921759419e-03
1.420500000000000000e+04 -3.309097830424434505e-03
1.426500000000000000e+04 -1.335825519163336139e-03
1.432500000000000000e+04 -3.344267305692483205e-03
1.438500000000000000e+04 -2.334505973522027489e-03
1.444500000000000000e+04 6.933743834451888688e-04
1.450500000000000000e+04 7.392883771899505518e-04
1.456500000000000000e+04 -2.196850672589789610e-03
1.462500000000000000e+04 -3.115130733021942433e-03
1.468500000000000000e+04 -2.015641042817151174e-03
1.474500000000000000e+04 -8.984721134766004980e-04
1.480500000000000000e+04 -1.763715715242142323e-03
1.486500000000000000e+04 3.885351316057494842e-04
1.492500000000000000e+04 1.558186155307339504e-03
1.498500000000000000e+04 -2.548581478549749590e-04
1.504500000000000000e+04 -4.050694511533947662e-03
1.600500000000000000e+04 -5.273655233395402320e-04
1.690500000000000000e+04 2.231507303804391995e-03
1.780500000000000000e+04 2.752520322246709839e-05
1.870500000000000000e+04 2.394334728705871385e-03
1.960500000000000000e+04 3.826917410151509102e-03
2.050500000000000000e+04 4.790056365891359746e-03
2.140500000000000000e+04 4.727117455331608653e-03
2.230500000000000000e+04 2.069009599836135749e-03
2.230500000000000000e+04 3.069009599130367860e-03
2.236500000000000000e+04 4.358827595751790795e-03
2.242500000000000000e+04 2.647728754709532950e-03
2.248500000000000000e+04 3.935543766601767857e-03
2.254500000000000000e+04 4.222103452775627375e-03
2.260500000000000000e+04 2.507238783437060192e-03
2.266500000000000000e+04 2.790780878967780154e-03
2.272500000000000000e+04 1.072561028195195831e-03
2.278500000000000000e+04 1.352410697109007742e-03
2.284500000000000000e+04 1.630161543289432302e-03
2.290500000000000000e+04 2.905645430473668966e-03
2.296500000000000000e+04 2.178694423491833732e-03
2.302500000000000000e+04 -1.550859176859376021e-03
2.308500000000000000e+04 7.168171578086912632e-04
2.314500000000000000e+04 1.981556209102564026e-03
2.320500000000000000e+04 -2.756808987214753870e-03
2.320500000000000000e+04 -1.756808987011027057e-03
2.326500000000000000e+04 -3.498445122204429936e-03
2.332500000000000000e+04 -2.243518605610006489e-03
2.338500000000000000e+04 -9.921955597747000866e-04
2.344500000000000000e+04 -7.446417939718230627e-04
2.350500000000000000e+04 -5.010228132960037328e-04
2.356500000000000000e+04 7.384962145806639455e-04
2.362500000000000000e+04 -1.026249551614455413e-03
2.368500000000000000e+04 -7.954245957080274820e-04
2.374500000000000000e+04 -5.691930446118931286e-04
2.380500000000000000e+04 -3.477186592135694809e-04
2.386500000000000000e+04 -1.311648074988625012e-04
2.392500000000000000e+04 8.030552271520718932e-05
2.398500000000000000e+04 1.286529754906950984e-03
2.404500000000000000e+04 -2.512654275051318109e-03
2.410500000000000000e+04 -5.317408300470560789e-03
2.410500000000000000e+04 -5.317408300470560789e-03
2.416500000000000000e+04 -1.127893629018217325e-03
2.422500000000000000e+04 5.572888858296209946e-05
2.428500000000000000e+04 -1.766701144333637785e-03
2.434500000000000000e+04 -2.595343654320458882e-03
2.440500000000000000e+04 -1.430358089237415697e-03
2.446500000000000000e+04 -1.271903407541685738e-03
2.452500000000000000e+04 -2.120138062309706584e-03
2.458500000000000000e+04 -2.975220002554124221e-03
2.464500000000000000e+04 -8.373066493732039817e-04
2.470500000000000000e+04 -1.706554894553846680e-03
2.476500000000000000e+04 -1.583121084877348039e-03
2.482500000000000000e+04 -2.467161015374585986e-03
2.488500000000000000e+04 -2.358829919103300199e-03
2.494500000000000000e+04 -4.258282448063255288e-03
2.500500000000000000e+04 -4.165672679846466053e-03
2.500500000000000000e+04 -4.165672679846466053e-03
2.506500000000000000e+04 -1.081154089661140461e-03
2.512500000000000000e+04 -4.879552761849481612e-06
2.518500000000000000e+04 -4.937001327562029473e-03
2.524500000000000000e+04 -4.877671044596354477e-03
2.530500000000000000e+04 -2.827039709700329695e-03
2.536500000000000000e+04 -7.852576718505588360e-04
2.542500000000000000e+04 -2.752474632870871574e-03
2.548500000000000000e+04 -2.728839624978718348e-03
2.554500000000000000e+04 -7.145010131353046745e-04
2.560500000000000000e+04 -7.096064709912752733e-04
2.566500000000000000e+04 -3.714302977641636971e-03
2.572500000000000000e+04 -2.728736813878640532e-03
2.578500000000000000e+04 -3.753053548280149698e-03
2.584500000000000000e+04 -3.787398015447251964e-03
2.590500000000000000e+04 -8.319143335029366426e-04
2.590500000000000000e+04 -1.831914332797168754e-03
2.596500000000000000e+04 -3.886745862473617308e-03
2.602500000000000000e+04 -6.952035225367581006e-03
2.608500000000000000e+04 -7.027924277281272225e-03
2.614500000000000000e+04 -6.114554103078262415e-03
2.620500000000000000e+04 -6.212065009094658308e-03
2.626500000000000000e+04 -6.320596517980447970e-03
2.632500000000000000e+04 -7.440287348799756728e-03
2.638500000000000000e+04 -7.571275416921707802e-03
2.644500000000000000e+04 -6.713697822306130547e-03
2.650500000000000000e+04 -5.867690842933370732e-03
2.656500000000000000e+04 -6.033389919139153790e-03
2.662500000000000000e+04 -6.210929652297636494e-03
2.668500000000000000e+04 -6.400443790880672168e-03
2.674500000000000000e+04 -6.602065224797115661e-03
2.680500000000000000e+04 -5.815925977913138922e-03
2.686500000000000000e+04 -8.042157191994192544e-03
2.692500000000000000e+04 -7.280889130925061181e-03
2.698500000000000000e+04 -4.532251161435851827e-03
2.704500000000000000e+04 -4.796371744305361062e-03
2.710500000000000000e+04 -7.073378437780775130e-03
2.716500000000000000e+04 -8.363397874745714944e-03
2.722500000000000000e+04 -7.666555767173122149e-03
2.728500000000000000e+04 -7.982976886523829307e-03
2.734500000000000000e+04 -9.312785063229966909e-03
2.740500000000000000e+04 -8.656103179419005755e-03
2.746500000000000000e+04 -8.013053159629635047e-03
2.752500000000000000e+04 -7.383755953924264759e-03
2.758500000000000000e+04 -7.768331544866668992e-03
2.764500000000000000e+04 -7.166898930336174089e-03
2.770500000000000000e+04 -8.579576120609999634e-03
2.776500000000000000e+04 -1.000648012450255919e-02
2.782500000000000000e+04 -8.447726952908851672e-03
2.788500000000000000e+04 -7.903431594968424179e-03
2.794500000000000000e+04 -1.037370802896475652e-02
2.800500000000000000e+04 -9.858669201094016898e-03
2.806500000000000000e+04 -1.035842702367517632e-02
2.812500000000000000e+04 -8.873092372596147470e-03
2.818500000000000000e+04 -1.040277506945130881e-02
2.824500000000000000e+04 -9.947583882421895396e-03
2.830500000000000000e+04 -1.050762651902914513e-02
2.836500000000000000e+04 -1.308300961500208359e-02
2.842500000000000000e+04 -1.167383873143990058e-02
2.848500000000000000e+04 -1.128021835029358044e-02
2.854500000000000000e+04 -1.390225185696181143e-02
2.860500000000000000e+04 -1.654004154443100560e-02
2.866500000000000000e+04 -1.519368860772374319e-02
2.872500000000000000e+04 -1.386329312845191453e-02
2.878500000000000000e+04 -1.354895407166623045e-02
2.884500000000000000e+04 -1.325076928333146498e-02
2.890500000000000000e+04 -8.968835482846770901e-03
2.896500000000000000e+04 -5.703248257304949220e-03
2.902500000000000000e+04 -3.454102045907347929e-03
2.908500000000000000e+04 3.778509844778454863e-03
2.914500000000000000e+04 1.199449527121032588e-02
2.920500000000000000e+04 2.119376324026234215e-02
2.920500000000000000e+04 2.219376324046606896e-02
2.920500000000000000e+04 2.419376324087352259e-02
2.920500000000000000e+04 2.719376324057520833e-02
2.920500000000000000e+04 2.919376324007316725e-02
2.926500000000000000e+04 3.137622392387129366e-02
2.926500000000000000e+04 3.237622392407502048e-02
2.926500000000000000e+04 3.437622392357297940e-02
2.926500000000000000e+04 3.537622392377670621e-02
2.926500000000000000e+04 3.737622392418415984e-02
2.932500000000000000e+04 3.954178866479196586e-02
2.932500000000000000e+04 3.954178866479196586e-02
2.932500000000000000e+04 4.154178866428992478e-02
2.932500000000000000e+04 4.354178866469737841e-02
2.932500000000000000e+04 4.554178866419533733e-02
2.938500000000000000e+04 4.769036997549847001e-02
2.938500000000000000e+04 4.869036997570219683e-02
2.938500000000000000e+04 4.969036997590592364e-02
2.938500000000000000e+04 5.269036997560760938e-02
2.938500000000000000e+04 5.369036997581133619e-02
2.944500000000000000e+04 5.482188155474432278e-02
2.950500000000000000e+04 5.693623827482952038e-02
2.956500000000000000e+04 5.603335621344740503e-02
2.962500000000000000e+04 5.211315263022697764e-02
2.968500000000000000e+04 4.517554599624418188e-02
2.974500000000000000e+04 3.422045597926626215e-02
2.980500000000000000e+04 2.624780346468469361e-02
2.986500000000000000e+04 2.525751055145519786e-02
2.992500000000000000e+04 2.224950056097441120e-02
2.998500000000000000e+04 2.122369803510082420e-02
3.004500000000000000e+04 2.318002874744706787e-02
3.010500000000000000e+04 2.711841971176909283e-02
3.016500000000000000e+04 2.903879917630547425e-02
3.022500000000000000e+04 2.794109663045674097e-02
3.028500000000000000e+04 2.582524281388032250e-02
3.034500000000000000e+04 3.069116972346819239e-02
3.040500000000000000e+04 3.353881060684216209e-02
3.046500000000000000e+04 4.236809996928059263e-02
3.052500000000000000e+04 5.517897358640766470e-02
3.058500000000000000e+04 7.197136850481911097e-02
3.064500000000000000e+04 9.074522303399135126e-02
3.070500000000000000e+04 1.075004767653808813e-01
3.076500000000000000e+04 1.202370705696012010e-01
3.082500000000000000e+04 1.249549465983363916e-01
3.088500000000000000e+04 1.216540482946584234e-01
3.094500000000000000e+04 1.073343203852346051e-01
3.100500000000000000e+04 8.299570889994356548e-02
3.106500000000000000e+04 5.563816115136432927e-02
3.112500000000000000e+04 2.726162576709612040e-02
3.118500000000000000e+04 -1.339473328698659316e-04
3.124500000000000000e+04 -1.854860691673820838e-02
3.130500000000000000e+04 -3.398240044771227986e-02
3.136500000000000000e+04 -5.243537407295661978e-02
3.142500000000000000e+04 -7.290757263126579346e-02
3.148500000000000000e+04 -9.339903963427786948e-02
3.154500000000000000e+04 -1.069098172865778906e-01
3.160500000000000000e+04 -1.104399464593370794e-01
3.166500000000000000e+04 -1.039894667073895107e-01
3.172500000000000000e+04 -9.355841625347238733e-02
3.178500000000000000e+04 -7.814683199103455991e-02
3.184500000000000000e+04 -6.575474948658666108e-02
3.190500000000000000e+04 -5.838220297209772980e-02
3.196500000000000000e+04 -4.702922533851960907e-02
3.202500000000000000e+04 -3.569584814431436826e-02
3.208500000000000000e+04 -2.338210161451570457e-02
3.214500000000000000e+04 -1.108801462123665260e-02
3.220500000000000000e+04 -5.813614704493375029e-03
3.226500000000000000e+04 4.410719429870368913e-04
3.232500000000000000e+04 7.676020478356804233e-03
3.238500000000000000e+04 1.589120739299687557e-02
3.244500000000000000e+04 3.008661054082040209e-02
3.250500000000000000e+04 4.426220911591371987e-02
3.256500000000000000e+04 5.241798366114380769e-02
3.262500000000000000e+04 5.055391607493220363e-02
3.268500000000000000e+04 3.466998960811906727e-02
3.274500000000000000e+04 7.766188862660783343e-03
3.280500000000000000e+04 -1.815750020887207938e-02
3.286500000000000000e+04 -3.610109029250452295e-02
3.292500000000000000e+04 -5.006459272772190161e-02
3.298500000000000000e+04 -5.504801749611942796e-02
3.304500000000000000e+04 -4.905137321657093707e-02
3.310500000000000000e+04 -3.507466716382623417e-02
3.316500000000000000e+04 -2.111790525032120058e-02
3.322500000000000000e+04 -1.118109202889172593e-02
3.328500000000000000e+04 -1.226423070238524815e-02
3.334500000000000000e+04 -2.036732311444211518e-02
3.340500000000000000e+04 -2.649036975253693527e-02
3.346500000000000000e+04 -2.263336974920093780e-02
3.352500000000000000e+04 -1.079632088203652529e-02
3.358500000000000000e+04 9.020780427817953750e-03
3.364500000000000000e+04 3.281793911355634918e-02
3.370500000000000000e+04 4.959516146391251823e-02
3.376500000000000000e+04 4.535245511669927510e-02
3.382500000000000000e+04 2.108982906429446302e-02
3.388500000000000000e+04 -9.192706341309531126e-03
3.394500000000000000e+04 -2.649513941287295893e-02
3.400500000000000000e+04 -2.581745709994720528e-02
3.406500000000000000e+04 -1.315964500827249140e-02
3.412500000000000000e+04 -4.521687396845663898e-03
3.418500000000000000e+04 -1.490356717840768397e-02
3.424500000000000000e+04 -4.230526591800298775e-02
3.430500000000000000e+04 -5.972676383953512413e-02
3.436500000000000000e+04 -5.216803982511919457e-02
3.442500000000000000e+04 -2.662907141257164767e-02
3.448500000000000000e+04 -7.109834805305581540e-03
3.454500000000000000e+04 -9.610304874513531104e-03
3.460500000000000000e+04 -1.913045514265832026e-02
3.466500000000000000e+04 -1.467025781039410504e-02
3.472500000000000000e+04 1.377031625361269107e-02
3.478500000000000000e+04 4.319129751274886075e-02
3.484500000000000000e+04 4.759271775674278615e-02
3.490500000000000000e+04 3.797461009889957495e-02
3.496500000000000000e+04 3.833700897212111158e-02
3.502500000000000000e+04 5.467995013077597832e-02
3.508500000000000000e+04 6.000347064855304779e-02
3.514500000000000000e+04 3.930760890943929553e-02
3.520500000000000000e+04 7.592404608658398502e-03
3.526500000000000000e+04 -5.142101245837693568e-03
3.532500000000000000e+04 6.104133656663179863e-03
3.538500000000000000e+04 1.833115292811271502e-02
3.544500000000000000e+04 1.053900148599495878e-02
3.550500000000000000e+04 -2.127227446453616722e-02
3.556500000000000000e+04 -6.110262741731276037e-02
3.562500000000000000e+04 -8.095200857769668801e-02
3.568500000000000000e+04 -6.582036786494427361e-02
3.574500000000000000e+04 -4.470765392125031212e-02
3.580500000000000000e+04 -5.561381409643217921e-02
3.586500000000000000e+04 -9.853879447746294318e-02
3.592500000000000000e+04 -1.244825398689499707e-01
3.598500000000000000e+04 -9.344499381313653430e-02
3.604500000000000000e+04 -2.442609858917421661e-02
3.610500000000000000e+04 2.257420479145366699e-02
3.616500000000000000e+04 2.255597656676400220e-02
3.622500000000000000e+04 6.519278231280623004e-03
3.628500000000000000e+04 1.046417252655373886e-02
3.634500000000000000e+04 3.239072343785664998e-02
3.640500000000000000e+04 3.529899618752097012e-02
3.646500000000000000e+04 -2.810942764881474432e-03
3.652500000000000000e+04 -5.493902572652586969e-02
3.658500000000000000e+04 -7.608518378492590273e-02
3.664500000000000000e+04 -6.224934680176374968e-02
3.670500000000000000e+04 -4.343144342146842973e-02
3.676500000000000000e+04 -5.263140108218067326e-02
3.682500000000000000e+04 -6.284914601292257430e-02
3.688500000000000000e+04 -3.208460323912731837e-02
3.694500000000000000e+04 8.662303406708815601e-03
3.700500000000000000e+04 7.391651287434797268e-03
3.706500000000000000e+04 -2.289648104670050088e-02
3.712500000000000000e+04 -2.020201387495035306e-02
3.718500000000000000e+04 1.147513370870001381e-02
3.724500000000000000e+04 7.135043778362160083e-03
3.730500000000000000e+04 -3.222220042698609177e-02
3.736500000000000000e+04 -4.759651451604440808e-02
3.742500000000000000e+04 -2.098781293625506805e-02
3.748500000000000000e+04 -1.239600898861681344e-02
3.754500000000000000e+04 -3.982101483779842965e-02
3.760500000000000000e+04 -4.526274150975950761e-02
3.766500000000000000e+04 -9.721098898808122613e-03
3.772500000000000000e+04 -1.195995781927194912e-03
3.778500000000000000e+04 -4.768733981018158374e-02
3.784500000000000000e+04 -6.619503752881428227e-02
3.790500000000000000e+04 -1.071899437829415547e-02
3.796500000000000000e+04 3.874088529937580461e-02
3.802500000000000000e+04 1.218469826017098967e-02
3.808500000000000000e+04 -3.238745766338979593e-02
3.814500000000000000e+04 -1.497548355109756812e-02
3.820500000000000000e+04 2.342072058399935486e-02
3.826500000000000000e+04 1.380125579453306273e-02
3.832500000000000000e+04 -1.983377580199885415e-02
3.838500000000000000e+04 -8.484271041197644081e-03
3.844500000000000000e+04 2.384987428922613617e-02
3.850500000000000000e+04 1.716876543923717691e-02
3.856500000000000000e+04 -1.252749131435848540e-02
3.862500000000000000e+04 -9.238788661605212837e-03
3.868500000000000000e+04 2.003498171688988805e-02
3.874500000000000000e+04 2.929392915666539920e-02
3.880500000000000000e+04 1.353816399114293745e-02
3.886500000000000000e+04 2.176779754609015072e-02
3.892500000000000000e+04 5.798294214491761522e-02
3.898500000000000000e+04 7.618371107855637092e-02
3.904500000000000000e+04 5.837021862498659175e-02
3.910500000000000000e+04 4.054258001178823179e-02
3.916500000000000000e+04 4.970091143877652939e-02
3.922500000000000000e+04 5.484533004437253112e-02
3.928500000000000000e+04 1.797595391326467507e-02
3.934500000000000000e+04 -3.390709794075519312e-02
3.940500000000000000e+04 -3.580370556665002368e-02
3.946500000000000000e+04 2.286251895384339150e-03
3.952500000000000000e+04 3.136289621306787012e-02
3.958500000000000000e+04 3.942635006569616962e-02
3.964500000000000000e+04 4.247673701593157602e-02
3.970500000000000000e+04 3.451418151689722436e-02
3.976500000000000000e+04 8.538808901903394144e-03
3.982500000000000000e+04 -6.449254633480450138e-03
3.988500000000000000e+04 4.550117969301936682e-03
3.994500000000000000e+04 -2.462945378283620812e-03
4.000500000000000000e+04 -3.748831592110946076e-02
4.006500000000000000e+04 -5.252586407095805043e-02
4.012500000000000000e+04 -3.057545941192074679e-02
4.018500000000000000e+04 -2.463697071198112099e-02
4.024500000000000000e+04 -5.171026593052374665e-02
4.030500000000000000e+04 -6.579521222556650173e-02
4.036500000000000000e+04 -3.589167596328479704e-02
4.042500000000000000e+04 -1.299952273257076740e-02
4.048500000000000000e+04 -2.611861734112608247e-02
4.054500000000000000e+04 -3.924882383853400825e-02
4.060500000000000000e+04 -2.339000551546632778e-02
4.066500000000000000e+04 -1.354202492166223237e-02
4.072500000000000000e+04 -1.270474386456044158e-02
4.078500000000000000e+04 2.121976575836015400e-03
4.084500000000000000e+04 1.293827603785757674e-02
4.090500000000000000e+04 1.744294863783579785e-03
4.096500000000000000e+04 -1.345982590009953128e-02
4.102500000000000000e+04 -2.467394451286963886e-02
4.108500000000000000e+04 -1.989791855794464936e-02
4.114500000000000000e+04 1.086839505387615645e-02
4.120500000000000000e+04 2.562514007240679348e-02
4.126500000000000000e+04 -1.362753909597813617e-02
4.132500000000000000e+04 -5.988949740276439115e-02
4.138500000000000000e+04 -5.716058917005284457e-02
4.144500000000000000e+04 -3.544066809354262659e-02
4.150500000000000000e+04 -2.972958725331409369e-02
4.156500000000000000e+04 -3.202719912860629847e-02
4.162500000000000000e+04 -2.833335560353589244e-02
4.168500000000000000e+04 2.352092021283169743e-03
4.174500000000000000e+04 3.402929302228585584e-02
4.180500000000000000e+04 4.269839724202029174e-02
4.186500000000000000e+04 4.335955506849131780e-02
4.192500000000000000e+04 4.501291744418267626e-02
4.198500000000000000e+04 4.865863584291219013e-02
4.204500000000000000e+04 5.629686225711338921e-02
4.210500000000000000e+04 3.392774920303054387e-02
4.216500000000000000e+04 -2.448550302688090596e-03
4.222500000000000000e+04 -8.318827549373963848e-04
4.228500000000000000e+04 1.577790584269678220e-02
4.234500000000000000e+04 -9.619030042813392356e-03
4.240500000000000000e+04 -4.002253548242151737e-02
4.246500000000000000e+04 -4.943245509457483422e-02
4.252500000000000000e+04 -5.184863305112230591e-02
4.258500000000000000e+04 -3.627091309954266762e-02
4.264500000000000000e+04 -1.269913855685445014e-02
4.270500000000000000e+04 -1.413315233639877988e-02
4.276500000000000000e+04 -2.257279694640601519e-02
4.282500000000000000e+04 -1.801791450634482317e-02
4.288500000000000000e+04 -9.468346755056700204e-03
4.294500000000000000e+04 -1.192393506426014937e-02
4.300500000000000000e+04 -2.138452044800942531e-02
4.306500000000000000e+04 -9.849943567132868338e-03
4.312500000000000000e+04 9.679955248429905623e-03
4.318500000000000000e+04 1.120533599896589294e-02
4.324500000000000000e+04 1.672635900376917562e-02
4.330500000000000000e+04 1.424318487624987029e-02
4.336500000000000000e+04 -2.224402546653436730e-02
4.342500000000000000e+04 -2.873511082452750998e-02
4.348500000000000000e+04 5.770090273472305853e-03
4.354500000000000000e+04 8.271739561678259633e-03
4.360500000000000000e+04 -3.230000977055169642e-03
4.366500000000000000e+04 1.926503088179742917e-02
4.372500000000000000e+04 2.775699759422423085e-02
4.378500000000000000e+04 2.024606183567811968e-02
4.384500000000000000e+04 2.773238648569531506e-02
4.390500000000000000e+04 3.621613462200912181e-02
4.396500000000000000e+04 3.869746951204433572e-02
4.402500000000000000e+04 4.917655459030356724e-02
4.408500000000000000e+04 7.165355346387514146e-02
4.414500000000000000e+04 7.812862989067070885e-02
4.420500000000000000e+04 3.460194776835123776e-02
4.426500000000000000e+04 2.073671123071108013e-03
4.432500000000000000e+04 1.154396411311608972e-02
4.438500000000000000e+04 5.012990992327104323e-03
4.444500000000000000e+04 -6.519083878629317041e-03
4.450500000000000000e+04 1.294790394422307145e-02
4.456500000000000000e+04 9.414118984750530217e-03
4.462500000000000000e+04 -1.412027417154604336e-02
4.468500000000000000e+04 -3.655110887848422863e-03
4.474500000000000000e+04 -1.190226475955569185e-03
4.480500000000000000e+04 -3.672545622248435393e-02
4.486500000000000000e+04 -4.426063538903690642e-02
4.492500000000000000e+04 -3.079559923025954049e-02
4.498500000000000000e+04 -3.433018299801915418e-02
4.504500000000000000e+04 -2.486422196761850500e-02
4.510500000000000000e+04 -1.739755141898058355e-02
4.516500000000000000e+04 -2.393000668325839797e-02
4.522500000000000000e+04 -1.246142313084419584e-02
4.528500000000000000e+04 -1.999163618620514171e-02
4.534500000000000000e+04 -5.452048134520737221e-02
4.540500000000000000e+04 -3.704779418148973491e-02
4.546500000000000000e+04 4.265896441211225465e-04
4.552500000000000000e+04 -1.109716563405527268e-02
4.558500000000000000e+04 -2.761889589328347938e-02
4.564500000000000000e+04 -2.213843712706875522e-02
4.570500000000000000e+04 -2.365562547765875934e-02
4.576500000000000000e+04 -2.717029721316066571e-02
4.582500000000000000e+04 -3.682288774143671617e-03
4.588500000000000000e+04 3.180856324252090417e-02
4.594500000000000000e+04 2.230242205041577108e-02
4.600500000000000000e+04 -8.200549309549387544e-03
4.606500000000000000e+04 4.299811988857982215e-03
4.612500000000000000e+04 6.803668565225962084e-03
4.618500000000000000e+04 -1.868881718201009789e-02
4.624500000000000000e+04 -2.817748308643786004e-02
4.630500000000000000e+04 -3.266216722840908915e-02
4.636500000000000000e+04 -7.142707942875858862e-03
4.642500000000000000e+04 1.738105617005203385e-02
4.648500000000000000e+04 -1.209071376615611371e-02
4.654500000000000000e+04 -2.655785691695200512e-02
4.660500000000000000e+04 -1.102021274346043356e-02
4.666500000000000000e+04 -2.147762102231354220e-02
4.672500000000000000e+04 -6.929921844857744873e-03
4.678500000000000000e+04 3.623044362029759213e-03
4.684500000000000000e+04 -2.181856316383345984e-02
4.690500000000000000e+04 -2.225458554494252894e-02
4.696500000000000000e+04 3.315135736556840129e-03
4.702500000000000000e+04 9.890758822621137369e-03
4.708500000000000000e+04 2.472441473400976975e-03
4.714500000000000000e+04 1.806034104811260477e-02
4.720500000000000000e+04 5.365461450128350407e-02
4.726500000000000000e+04 7.225541837851778837e-02
4.732500000000000000e+04 7.286290878346335376e-02
4.738500000000000000e+04 5.747724139291676693e-02
4.744500000000000000e+04 2.609857142942928476e-02
4.750500000000000000e+04 1.272705365863657789e-02
4.756500000000000000e+04 -3.637157627963460982e-03
4.762500000000000000e+04 -7.993908612661471125e-03
4.768500000000000000e+04 -3.430459737501223572e-04
4.774500000000000000e+04 -1.968441688859456917e-02
4.780500000000000000e+04 -1.701786904686741764e-02
4.786500000000000000e+04 1.565674934045091504e-02
4.792500000000000000e+04 1.233958952980174217e-02
4.798500000000000000e+04 1.603080223048891639e-02
4.804500000000000000e+04 2.573053760988841532e-02
4.810500000000000000e+04 -1.156105474183277693e-02
4.816500000000000000e+04 -3.784382579578959849e-02
4.822500000000000000e+04 -2.011762711299525108e-02
4.828500000000000000e+04 -8.382310845263418742e-03
4.834500000000000000e+04 -8.637729752990708221e-03
4.840500000000000000e+04 1.011626279614574742e-02
4.846500000000000000e+04 2.787981280562235042e-02
4.852500000000000000e+04 1.865306565105129266e-02
4.858500000000000000e+04 1.143616605622810312e-02
4.864500000000000000e+04 1.722925809917796869e-02
4.870500000000000000e+04 2.003248519031330943e-02
4.876500000000000000e+04 2.084599006502685370e-02
4.882500000000000000e+04 3.766991478278214345e-02
4.888500000000000000e+04 6.550440070623153588e-02
4.894500000000000000e+04 3.634958849124814151e-02
4.900500000000000000e+04 -5.794381910163792782e-03
4.906500000000000000e+04 2.307262872909632279e-02
4.912500000000000000e+04 2.295075890287989751e-02
4.918500000000000000e+04 -1.515985363403160591e-02
4.924500000000000000e+04 6.740928127328515984e-03
4.930500000000000000e+04 3.765324042979045771e-02
4.936500000000000000e+04 4.857721875305287540e-02
4.942500000000000000e+04 6.151299779594410211e-02
4.948500000000000000e+04 4.946071147151087644e-02
4.954500000000000000e+04 4.042049289455462713e-02
4.960500000000000000e+04 6.539247437649464700e-02
4.966500000000000000e+04 6.737678741410491057e-02
4.972500000000000000e+04 2.437356267819268396e-02
4.978500000000000000e+04 2.638293001018610084e-02
4.984500000000000000e+04 6.940501840836077463e-02
4.990500000000000000e+04 4.643995602327777306e-02
4.996500000000000000e+04 2.348787014034314780e-02
5.002500000000000000e+04 4.754888718434813200e-02
5.008500000000000000e+04 2.862313269815786043e-02
5.014500000000000000e+04 6.710731345265230630e-03
5.020500000000000000e+04 4.081180688808672130e-02
5.026500000000000000e+04 3.592648219182592584e-02
5.032500000000000000e+04 -7.945120788463100325e-03
5.038500000000000000e+04 -3.802881020419590641e-03
5.044500000000000000e+04 6.353321603455697186e-03
5.050500000000000000e+04 6.523606258269865066e-03
5.056500000000000000e+04 4.170809116931195604e-02
5.062500000000000000e+04 3.590689361590193585e-02
5.068500000000000000e+04 1.112012990779476240e-02
5.074500000000000000e+04 1.734791539820434991e-02
5.080500000000000000e+04 -7.409635541080206167e-03
5.086500000000000000e+04 1.847590477154881228e-03
5.092500000000000000e+04 2.119705852237530053e-03
5.098500000000000000e+04 -4.659317802270379616e-02
5.104500000000000000e+04 -3.529095074918586761e-02
5.110500000000000000e+04 -1.397350295610522153e-02
5.116500000000000000e+04 -2.464072628845315194e-02
5.122500000000000000e+04 -1.329251342031056993e-02
5.128500000000000000e+04 7.124193689378444105e-05
5.134500000000000000e+04 -2.549354975599271711e-03
5.140500000000000000e+04 -1.115419996403943514e-02
5.146500000000000000e+04 -1.174318989342282293e-02
5.152500000000000000e+04 -2.431622269705258077e-02
5.158500000000000000e+04 -2.387319737863435876e-02
5.164500000000000000e+04 -1.241401402330666315e-02
5.170500000000000000e+04 -3.493857380180998007e-02
5.176500000000000000e+04 -3.444677897732617566e-02
5.182500000000000000e+04 -6.938532917047268711e-03
5.188500000000000000e+04 -3.413740087125916034e-03
5.194500000000000000e+04 1.127693924900086131e-03
5.200500000000000000e+04 2.685862414182338398e-03
5.206500000000000000e+04 -3.273914244437037269e-02
5.212500000000000000e+04 -4.114722961912775645e-02
5.218500000000000000e+04 -1.053830920773179969e-02
5.224500000000000000e+04 7.087707544087606948e-03
5.230500000000000000e+04 3.073090823727397947e-02
5.236500000000000000e+04 4.039137931795266923e-02
5.242500000000000000e+04 3.406920606721541844e-02
5.248500000000000000e+04 3.776447260224813363e-02
5.254500000000000000e+04 4.772618613060330972e-04
5.260500000000000000e+04 -1.379234439718857175e-02
5.266500000000000000e+04 2.955734400529763661e-03
5.272500000000000000e+04 -2.784223615890368819e-04
5.278500000000000000e+04 1.250526350031577749e-02
5.284500000000000000e+04 2.530686896989209345e-02
5.290500000000000000e+04 3.212646982046862831e-02
5.296500000000000000e+04 1.696414061734685674e-02
5.302500000000000000e+04 -1.418004529114114121e-02
5.308500000000000000e+04 -4.306015786823991220e-03
5.314500000000000000e+04 1.258630002757854527e-02
5.320500000000000000e+04 1.749697181458031991e-02
5.326500000000000000e+04 2.842606800186331384e-02
5.332500000000000000e+04 6.373655771312769502e-03
5.338500000000000000e+04 -6.660198938334360719e-03
5.344500000000000000e+04 2.324568562471540645e-03
5.350500000000000000e+04 -1.367197829767974326e-02
5.356500000000000000e+04 3.350222654262324795e-03
5.362500000000000000e+04 3.139123232540441677e-02
5.368500000000000000e+04 2.545111036397429416e-02
5.374500000000000000e+04 2.252991512978042010e-02
5.380500000000000000e+04 1.162770372320665047e-02
5.386500000000000000e+04 1.744531956319406163e-03
5.392500000000000000e+04 4.880454359408759046e-03
5.398500000000000000e+04 1.803552417732134927e-02
5.404500000000000000e+04 1.920979336318850983e-02
5.410500000000000000e+04 6.403312576367170550e-03
5.416500000000000000e+04 2.161613117823435459e-02
5.422500000000000000e+04 1.184829723115399247e-02
5.428500000000000000e+04 -3.190014250230888138e-02
5.434500000000000000e+04 -2.862914257821103092e-02
5.440500000000000000e+04 -1.933865884893748444e-02
5.446500000000000000e+04 -3.402864848976605572e-02
5.452500000000000000e+04 -2.869906998421356548e-02
5.458500000000000000e+04 -2.734988313750363886e-02
5.464500000000000000e+04 -2.398104907479137182e-02
5.470500000000000000e+04 -9.592530243935470935e-03
5.476500000000000000e+04 -9.184290423036145512e-03
5.482500000000000000e+04 -1.175629470526473597e-02
5.488500000000000000e+04 -3.030850953200570075e-02
5.494500000000000000e+04 -2.784090266140992753e-02
5.500500000000000000e+04 5.646556805913860444e-03
5.506500000000000000e+04 1.515389843643788481e-02
5.512500000000000000e+04 8.681150457050534897e-03
5.518500000000000000e+04 1.822833975347748492e-02
5.524500000000000000e+04 1.579549187772499863e-02
5.530500000000000000e+04 8.382631028325704392e-03
5.536500000000000000e+04 3.698978007105324650e-02
5.542500000000000000e+04 2.161696051643957617e-02
5.548500000000000000e+04 -4.735807467113772873e-03
5.554500000000000000e+04 9.314949411418638192e-04
5.560500000000000000e+04 3.618885209107247647e-03
5.566500000000000000e+04 5.326379464349884074e-03
5.572500000000000000e+04 -4.946007526086759754e-03
5.578500000000000000e+04 1.180173765897052363e-02
5.584500000000000000e+04 1.156962708955688868e-02
5.590500000000000000e+04 1.035767147732258309e-02
5.596500000000000000e+04 2.516588018988841213e-02
5.602500000000000000e+04 -1.500573876455746358e-02
5.608500000000000000e+04 -1.615717872937239008e-02
5.614500000000000000e+04 -1.228843439821503125e-02
5.620500000000000000e+04 -2.339950182158645475e-02
5.626500000000000000e+04 1.250962159792834427e-02
5.632500000000000000e+04 6.438937104576325510e-03
5.638500000000000000e+04 -1.061155540719482815e-02
5.644500000000000000e+04 -6.641857398790307343e-03
5.650500000000000000e+04 5.348028318621800281e-03
5.656500000000000000e+04 1.935809758288087323e-02
5.662500000000000000e+04 1.338834487978601828e-02
5.668500000000000000e+04 -3.561236649147758726e-03
5.674500000000000000e+04 -2.149065521825832548e-02
5.680500000000000000e+04 -2.239992038357740967e-02
5.686500000000000000e+04 -1.028904304985189810e-02
5.692500000000000000e+04 -2.158035466891305987e-03
5.698500000000000000e+04 -2.200691122561693192e-02
5.704500000000000000e+04 -3.083568526471935911e-02
5.710500000000000000e+04 -2.564437385535711655e-02
5.716500000000000000e+04 -4.143299461611604784e-02
5.722500000000000000e+04 -3.620156649685668526e-02
5.728500000000000000e+04 -3.995010978724167217e-02
5.734500000000000000e+04 -3.467864610774995526e-02
5.740500000000000000e+04 -2.138719840968406061e-02
5.746500000000000000e+04 -2.607579097639245447e-02
5.752500000000000000e+04 -2.274444941303954693e-02
5.758500000000000000e+04 -2.039320065523497760e-02
5.764500000000000000e+04 -2.202207296068081632e-02
5.770500000000000000e+04 -2.063109589744271943e-02
5.776500000000000000e+04 -1.220300360728288069e-03
5.782500000000000000e+04 1.721028144402225735e-02
5.788500000000000000e+04 9.660616001383459661e-03
5.794500000000000000e+04 -8.693315130585688166e-04
5.800500000000000000e+04 1.462040276783227455e-02
5.806500000000000000e+04 2.812978141719213454e-02
5.812500000000000000e+04 -9.341234300336509477e-03
5.818500000000000000e+04 -1.979268440572923282e-02
5.824500000000000000e+04 4.775389782480488066e-03
5.830500000000000000e+04 2.236294565773278009e-02
5.836500000000000000e+04 1.596993932889745338e-02
5.842500000000000000e+04 2.596325629383500200e-03
5.848500000000000000e+04 6.242058108909986913e-03
5.854500000000000000e+04 1.790708904991333839e-02
5.860500000000000000e+04 5.591369459580164403e-03
5.866500000000000000e+04 4.294849088182672858e-03
5.872500000000000000e+04 -6.982523579608823638e-03
5.878500000000000000e+04 -1.824080131336813793e-02
5.884500000000000000e+04 -8.480038133711786941e-03
5.890500000000000000e+04 -2.070028930666012457e-02
5.896500000000000000e+04 -1.390161134804657195e-02
5.902500000000000000e+04 -1.708406199668388581e-02
5.908500000000000000e+04 -1.424770023822929943e-02
5.914500000000000000e+04 -3.339258628420793684e-02
5.920500000000000000e+04 -3.851878155637677992e-02
5.926500000000000000e+04 -2.062634870799229247e-02
5.932500000000000000e+04 -8.715351596038090065e-03
5.938500000000000000e+04 -5.785855290923791472e-03
5.944500000000000000e+04 -5.837926058120501693e-03
5.950500000000000000e+04 8.128368637699168175e-03
5.956500000000000000e+04 -9.887039861496305093e-03
5.962500000000000000e+04 -7.884221389758749865e-03
5.968500000000000000e+04 -1.686324697038799059e-02
5.974500000000000000e+04 -1.182418878943281015e-02
5.980500000000000000e+04 1.923287978843291057e-02
5.986500000000000000e+04 3.307884247988113202e-03
5.992500000000000000e+04 -1.159925108458992327e-02
5.998500000000000000e+04 1.551139696493919473e-02
6.004500000000000000e+04 3.639750433649169281e-03
6.010500000000000000e+04 7.785730218529351987e-03
6.016500000000000000e+04 2.094925609071651706e-02
6.022500000000000000e+04 -1.186975330529094208e-02
6.028500000000000000e+04 -1.867138043962768279e-02
6.034500000000000000e+04 -3.545570888763904804e-02
6.040500000000000000e+04 -2.022282333291514078e-02
6.046500000000000000e+04 -2.097280955422320403e-02
6.052500000000000000e+04 -2.270575441798428074e-02
6.058500000000000000e+04 6.578254127816762775e-03
6.064500000000000000e+04 -1.112087293768126983e-02
6.070500000000000000e+04 1.419677429657895118e-02
6.076500000000000000e+04 -4.468895323952892795e-03
6.082500000000000000e+04 -1.111797399698843947e-02
6.088500000000000000e+04 1.224944502610014752e-02
6.094500000000000000e+04 -3.366732537870120723e-03
6.100500000000000000e+04 3.339799422974465415e-05
6.106500000000000000e+04 4.497402860579313710e-04
6.112500000000000000e+04 9.882196987746283412e-03
6.118500000000000000e+04 3.306697335574426688e-04
6.124500000000000000e+04 -1.220494082554068882e-02
6.130500000000000000e+04 -9.724735046802379657e-03
6.136500000000000000e+04 -3.622881425599189242e-02
6.142500000000000000e+04 -2.571728076054569101e-02
6.148500000000000000e+04 -1.019023783373995684e-02
6.154500000000000000e+04 -2.964778970635961741e-02
6.160500000000000000e+04 -9.090041560739337001e-03
6.166500000000000000e+04 -2.251709951633529272e-02
6.172500000000000000e+04 -1.592907063059101347e-02
6.178500000000000000e+04 -1.732606288351234980e-02
6.184500000000000000e+04 -3.170818517082807375e-02
6.190500000000000000e+04 -1.407554729757976020e-02
6.196500000000000000e+04 -6.428259964195603970e-03
6.202500000000000000e+04 1.323356523516849848e-02
6.208500000000000000e+04 8.909815825063560624e-03
6.214500000000000000e+04 1.260037846441264264e-02
6.220500000000000000e+04 2.630513894018804422e-02
6.226500000000000000e+04 -4.976017809894983657e-03
6.232500000000000000e+04 -3.324320769570476841e-02
6.238500000000000000e+04 -1.749654746072337730e-02
6.244500000000000000e+04 -1.673615468371281167e-02
6.250500000000000000e+04 -2.196214774812688120e-02
6.256500000000000000e+04 -1.417464586120331660e-02
6.262500000000000000e+04 -1.337376901574316435e-02
6.268500000000000000e+04 -9.559638003338477574e-03
6.274500000000000000e+04 -3.173237439750664635e-02
6.280500000000000000e+04 -1.889210053741408046e-02
6.286500000000000000e+04 -2.303893952830549097e-02
6.292500000000000000e+04 -3.017301522595516872e-02
6.298500000000000000e+04 3.705547770550765563e-03
6.304500000000000000e+04 -2.240337587682006415e-02
6.310500000000000000e+04 -3.249991221764503280e-02
6.316500000000000000e+04 -2.058418802971573314e-02
6.322500000000000000e+04 -2.665633078595419647e-02
6.328500000000000000e+04 -8.716468661987164523e-03
6.334500000000000000e+04 -7.764730509734363295e-03
6.340500000000000000e+04 -1.080124586405872833e-02
6.346500000000000000e+04 1.173855079287022818e-03
6.352500000000000000e+04 1.316044146460626507e-02
6.358500000000000000e+04 5.158381793080479838e-03
6.364500000000000000e+04 -1.832456073316279799e-03
6.370500000000000000e+04 -2.381220489132829243e-02
6.376500000000000000e+04 -2.378099804900557501e-02
6.382500000000000000e+04 -4.173896953034272883e-02
6.388500000000000000e+04 -3.368625391340174247e-02
6.394500000000000000e+04 -8.622986369118734729e-03
6.400500000000000000e+04 -5.549302649342280347e-03
6.406500000000000000e+04 6.534660938086744864e-03
6.412500000000000000e+04 5.628767520647670608e-03
6.418500000000000000e+04 2.973287967961368850e-02
6.424500000000000000e+04 3.384685946093668463e-02
6.430500000000000000e+04 2.697056838314892957e-02
6.436500000000000000e+04 3.010386744699644623e-02
6.442500000000000000e+04 2.624661714435205795e-02
6.448500000000000000e+04 1.939867747569223866e-02
6.454500000000000000e+04 1.855990794683748391e-02
6.460500000000000000e+04 2.730167591835197527e-03
6.466500000000000000e+04 4.909314971882849932e-03
6.472500000000000000e+04 8.097208194158156402e-03
6.478500000000000000e+04 2.293704922522010747e-03
6.484500000000000000e+04 8.498662375131971203e-03
6.490500000000000000e+04 1.771193734566622879e-02
6.496500000000000000e+04 -1.306661378657736350e-02
6.502500000000000000e+04 -2.983713505909690866e-02
6.508500000000000000e+04 -2.759977089681342477e-02
6.514500000000000000e+04 -1.035466611847368767e-02
6.520500000000000000e+04 -1.101965925954573322e-03
6.526500000000000000e+04 9.158184120678924955e-03
6.532500000000000000e+04 1.842563809168495936e-02
6.538500000000000000e+04 5.700249715118843596e-03
6.544500000000000000e+04 1.798187237454840215e-02
6.550500000000000000e+04 -1.072964087234140607e-02
6.556500000000000000e+04 -2.443443729316641111e-02
6.562500000000000000e+04 4.867335535891470499e-03
6.568500000000000000e+04 1.517552973837155150e-02
6.574500000000000000e+04 2.448999714033561759e-02
6.580500000000000000e+04 2.481058929424762027e-02
6.586500000000000000e+04 -8.628425330243771896e-04
6.592500000000000000e+04 1.046955267247540178e-02
6.598500000000000000e+04 5.807625662782811560e-03
6.604500000000000000e+04 9.151226946414681152e-03
6.610500000000000000e+04 -7.499793204260640778e-03
6.616500000000000000e+04 -2.145584746358508710e-03
6.622500000000000000e+04 1.321370214463968296e-02
6.628500000000000000e+04 2.757791708518197993e-02
6.634500000000000000e+04 2.194690948999777902e-02
6.640500000000000000e+04 1.432052858217502944e-02
6.646500000000000000e+04 1.069862339682003949e-02
6.652500000000000000e+04 1.108104280046973145e-02
6.658500000000000000e+04 6.467635489570966456e-03
6.664500000000000000e+04 1.985825000247132266e-02
6.670500000000000000e+04 6.252734730878728442e-03
6.676500000000000000e+04 -2.349062077882990707e-03
6.682500000000000000e+04 1.305270769080379978e-02
6.688500000000000000e+04 1.545789202646119520e-02
6.694500000000000000e+04 3.386633880563749699e-02
6.700500000000000000e+04 4.027789578503870871e-02
6.706500000000000000e+04 3.669241063198569464e-02
6.712500000000000000e+04 3.910973091387859313e-02
6.718500000000000000e+04 4.852970411047863308e-02
6.724500000000000000e+04 3.395217762499669334e-02
6.730500000000000000e+04 4.937699879246792989e-02
6.736500000000000000e+04 4.380401487378549064e-02
6.742500000000000000e+04 4.623307308338553412e-02
6.748500000000000000e+04 5.766402057997765951e-02
6.754500000000000000e+04 3.509670447783719283e-02
6.760500000000000000e+04 2.153097185782826273e-02
6.766500000000000000e+04 1.396666976597771281e-02
6.772500000000000000e+04 -1.596354767571028788e-03
6.778500000000000000e+04 -1.158254740403208416e-03
6.784500000000000000e+04 -1.719183153909398243e-03
6.790500000000000000e+04 -1.427929301553376717e-02
6.796500000000000000e+04 -1.083873733659856953e-02
6.802500000000000000e+04 -8.397669117584882770e-03
6.808500000000000000e+04 -9.562413488310994580e-04
6.814500000000000000e+04 7.485392993658024352e-03
6.820500000000000000e+04 2.392708095885609509e-02
6.826500000000000000e+04 2.836866962752537802e-02
6.832500000000000000e+04 3.781000610342744039e-02
6.838500000000000000e+04 1.925093753379769623e-02
6.844500000000000000e+04 3.669131110655143857e-02
6.850500000000000000e+04 2.413097405133157736e-02
6.856500000000000000e+04 9.569773655130120460e-03
6.862500000000000000e+04 2.000755725293856813e-02
6.868500000000000000e+04 1.344417223845084663e-02
6.874500000000000000e+04 1.987946606914192671e-02
6.880500000000000000e+04 2.531328626810136484e-02
6.886500000000000000e+04 1.874548041996604297e-02
6.892500000000000000e+04 2.217589618794590933e-02
6.898500000000000000e+04 2.560438130512920907e-02
6.904500000000000000e+04 2.103078358231869061e-02
6.910500000000000000e+04 2.454950908031605650e-03
6.916500000000000000e+04 3.876731250784359872e-03
6.922500000000000000e+04 1.429597266724158544e-02
6.928500000000000000e+04 -2.874767096727737226e-04
6.934500000000000000e+04 1.712623134517343715e-02
6.940500000000000000e+04 -4.630548564819036983e-04
6.946500000000000000e+04 -5.055486920355178881e-03
6.952500000000000000e+04 2.348783648812968750e-03
6.958500000000000000e+04 -2.325039458173705498e-02
6.964500000000000000e+04 -2.185317293788102688e-02
6.970500000000000000e+04 -6.459702667598321568e-03
6.976500000000000000e+04 -2.070134922178112902e-03
6.982500000000000000e+04 -6.846207697890349664e-04
6.988500000000000000e+04 4.696688812146021519e-03
6.994500000000000000e+04 3.073642937124532182e-03
7.000500000000000000e+04 -1.555390920566424029e-02
7.006500000000000000e+04 -1.718611833621253027e-02
7.012500000000000000e+04 -1.582313508970401017e-02
7.018500000000000000e+04 -3.246511002816987457e-02
7.024500000000000000e+04 -2.611219363279815298e-02
7.030500000000000000e+04 -2.076453630706964759e-02
7.036500000000000000e+04 -1.642228839136805618e-02
7.042500000000000000e+04 -2.208560014969407348e-02
7.048500000000000000e+04 -2.875462178599264007e-02
7.054500000000000000e+04 -3.142950344408745877e-02
7.060500000000000000e+04 -3.011039520879421616e-02
7.066500000000000000e+04 -4.179744711382227251e-02
7.072500000000000000e+04 -2.349080914882506477e-02
7.078500000000000000e+04 -2.190631264056719374e-03
7.084500000000000000e+04 1.110293663441552781e-02
7.090500000000000000e+04 8.389744658416020684e-03
7.096500000000000000e+04 4.669642952649155632e-03
7.102500000000000000e+04 -1.905751832873647800e-02
7.108500000000000000e+04 -2.079188901825546054e-02
7.114500000000000000e+04 -1.653361894659610698e-02
7.120500000000000000e+04 -1.228285795423289528e-02
7.126500000000000000e+04 -1.303975588689354481e-02
7.132500000000000000e+04 -1.980446262587065576e-02
7.138500000000000000e+04 -1.157712806980271125e-02
7.144500000000000000e+04 -1.335790217035537353e-02
7.150500000000000000e+04 -3.146934920550847892e-03
7.156500000000000000e+04 -5.944376377556181978e-03
7.162500000000000000e+04 -2.750376670519472100e-03
7.168500000000000000e+04 -1.056508601141104009e-02
7.174500000000000000e+04 -1.938865470037853811e-02
7.180500000000000000e+04 -2.022123313963675173e-02
7.186500000000000000e+04 -2.806297186543815769e-02
7.192500000000000000e+04 -8.914021522286930121e-03
7.198500000000000000e+04 -2.577453290814446518e-02
7.204500000000000000e+04 -4.064465698047570186e-02
7.210500000000000000e+04 -1.452454485570342513e-02
7.216500000000000000e+04 -1.341434784353623400e-02
7.222500000000000000e+04 -1.331421744544059038e-02
7.228500000000000000e+04 -8.224305385738261975e-03
7.234500000000000000e+04 7.855236393879749812e-03
7.240500000000000000e+04 2.492425569471379276e-02
7.246500000000000000e+04 3.098260005845077103e-02
7.252500000000000000e+04 1.603011675342713716e-02
7.258500000000000000e+04 2.806665274238184793e-02
7.264500000000000000e+04 1.509205467846186366e-02
7.270500000000000000e+04 1.210616887874493841e-02
7.276500000000000000e+04 1.410884130564227235e-02
7.282500000000000000e+04 1.609991755412920611e-02
7.288500000000000000e+04 1.907924282113526715e-02
7.294500000000000000e+04 1.404666189682757249e-02
7.300500000000000000e+04 2.100201913162891287e-02
7.306500000000000000e+04 2.194515842074906686e-02
7.312500000000000000e+04 1.187592318365204846e-02
7.318500000000000000e+04 1.379415633800817886e-02
7.324500000000000000e+04 1.069970027310773730e-02
7.330500000000000000e+04 5.923968392380629666e-04
7.336500000000000000e+04 -4.527912695266422816e-03
7.342500000000000000e+04 -1.866138765126379440e-02
7.348500000000000000e+04 -3.380818797995743807e-02
7.354500000000000000e+04 -2.396847427735337988e-02
7.360500000000000000e+04 -1.714240781802800484e-02
7.366500000000000000e+04 -5.330150574081926607e-03
7.372500000000000000e+04 5.468134743750852067e-03
7.378500000000000000e+04 8.252284672380483244e-03
7.384500000000000000e+04 1.602213495334581239e-02
7.390500000000000000e+04 2.077752051445713732e-02
7.396500000000000000e+04 1.151827543435501866e-02
7.402500000000000000e+04 1.724423290852428181e-02
7.408500000000000000e+04 3.295522522421379108e-02
7.414500000000000000e+04 2.765108372568647610e-02
7.420500000000000000e+04 6.331638777737680357e-03
7.426500000000000000e+04 -7.003280261415056884e-03
7.432500000000000000e+04 -1.335384508456627373e-02
7.438500000000000000e+04 -3.472022845380706713e-02
7.444500000000000000e+04 -2.410260425313026644e-02
7.450500000000000000e+04 -3.050114751931687351e-02
7.456500000000000000e+04 -3.691603446895896923e-02
7.462500000000000000e+04 -3.534744255102850730e-02
7.468500000000000000e+04 -5.079555047450412530e-02
7.474500000000000000e+04 -4.926053826056886464e-02
7.480500000000000000e+04 -3.074258725973777473e-02
7.486500000000000000e+04 -4.241880213157855906e-03
7.492500000000000000e+04 -6.758601288311183453e-03
7.498500000000000000e+04 1.707063884168746881e-03
7.504500000000000000e+04 1.115492816188634606e-02
7.510500000000000000e+04 1.858480285409314092e-02
7.516500000000000000e+04 2.499649766741640633e-02
7.522500000000000000e+04 1.938982067167671630e-02
7.528500000000000000e+04 3.764578244954464026e-03
7.534500000000000000e+04 6.120575035311048850e-03
7.540500000000000000e+04 3.457613902355660684e-03
7.546500000000000000e+04 1.775495882611721754e-03
7.552500000000000000e+04 -1.925979871884919703e-03
7.558500000000000000e+04 -1.647016129027178977e-03
7.564500000000000000e+04 6.612182357457641046e-03
7.570500000000000000e+04 3.851408802802325226e-03
7.576500000000000000e+04 2.070454344902827870e-03
7.582500000000000000e+04 6.269107980187982321e-03
7.588500000000000000e+04 5.447156520858698059e-03
7.594500000000000000e+04 6.604384531783580314e-03
7.600500000000000000e+04 4.740574279821885284e-03
7.606500000000000000e+04 2.085550567244354170e-02
7.612500000000000000e+04 3.948956204112619162e-03
7.618500000000000000e+04 2.070089885819470510e-05
7.624500000000000000e+04 7.051224747556261718e-05
7.630500000000000000e+04 1.209816015307296766e-02
7.636500000000000000e+04 1.210341186106234090e-02
7.642500000000000000e+04 1.008603190439316677e-02
7.648500000000000000e+04 7.045782042951032054e-03
7.654500000000000000e+04 7.982421191627508961e-03
7.660500000000000000e+04 -3.104294642980676144e-03
7.666500000000000000e+04 -1.214612416333693545e-03
7.672500000000000000e+04 -6.348782129862229340e-03
7.678500000000000000e+04 -1.350705688946618466e-02
7.684500000000000000e+04 -8.689692970619944390e-03
7.690500000000000000e+04 -8.896949897462036461e-03
7.696500000000000000e+04 -1.129090504946361762e-03
7.702500000000000000e+04 2.613618983559717890e-03
7.708500000000000000e+04 -4.669091112191381399e-03
7.714500000000000000e+04 -9.977494001759623643e-03
7.720500000000000000e+04 -1.731186650522431592e-02
7.726500000000000000e+04 -2.367248912378272507e-02
7.732500000000000000e+04 -2.205964611675881315e-02
7.738500000000000000e+04 -3.473625579317740630e-03
7.744500000000000000e+04 -1.391471952319989214e-02
7.750500000000000000e+04 -2.838322395564318867e-02
7.756500000000000000e+04 -1.987943896165234037e-02
7.762500000000000000e+04 -9.403668779668805655e-03
7.768500000000000000e+04 -9.562218956489232369e-04
7.774500000000000000e+04 -7.537411113844427746e-03
7.780500000000000000e+04 -7.147553659706318285e-03
7.786500000000000000e+04 7.213028751721139997e-03
7.792500000000000000e+04 1.554400981513026636e-02
7.798500000000000000e+04 2.084505855600582436e-02
7.804500000000000000e+04 7.115839232028520200e-03
7.810500000000000000e+04 4.356011248091817833e-03
7.816500000000000000e+04 1.356522905462043127e-02
7.822500000000000000e+04 1.974314207109273411e-02
7.828500000000000000e+04 3.288939457343076356e-02
7.834500000000000000e+04 3.400362561478686985e-02
7.840500000000000000e+04 3.008546890578145394e-02
7.846500000000000000e+04 2.513455274583975552e-02
7.852500000000000000e+04 2.015049989677208941e-02
7.858500000000000000e+04 -6.867072501336224377e-03
7.864500000000000000e+04 -3.191855304157797946e-02
7.870500000000000000e+04 -3.100433614508801838e-02
