#YY  MM DD hh mm ss T   HEIGHT
#yr  mo dy hr mn  s -        m
2011 03 19 00 00 00 1 4431.819
2011 03 18 23 45 00 1 4431.841
2011 03 18 23 30 00 1 4431.861
2011 03 18 23 15 00 1 4431.881
2011 03 18 23 00 00 1 4431.901
2011 03 18 22 45 00 1 4431.919
2011 03 18 22 30 00 1 4431.936
2011 03 18 22 15 00 1 4431.945
2011 03 18 22 00 00 1 4431.956
2011 03 18 21 45 00 1 4431.971
2011 03 18 21 30 00 1 4431.978
2011 03 18 21 15 00 1 4431.977
2011 03 18 21 00 00 1 4431.976
2011 03 18 20 45 00 1 4431.972
2011 03 18 20 30 00 1 4431.963
2011 03 18 20 15 00 1 4431.954
2011 03 18 20 00 00 1 4431.943
2011 03 18 19 45 00 1 4431.930
2011 03 18 19 30 00 1 4431.913
2011 03 18 19 15 00 1 4431.893
2011 03 18 19 00 00 1 4431.870
2011 03 18 18 45 00 1 4431.845
2011 03 18 18 30 00 1 4431.819
2011 03 18 18 15 00 1 4431.791
2011 03 18 18 00 00 1 4431.763
2011 03 18 17 45 00 1 4431.732
2011 03 18 17 30 00 1 4431.701
2011 03 18 17 15 00 1 4431.677
2011 03 18 17 00 00 1 4431.649
2011 03 18 16 45 00 1 4431.623
2011 03 18 16 30 00 1 4431.596
2011 03 18 16 15 00 1 4431.572
2011 03 18 16 00 00 1 4431.548
2011 03 18 15 45 00 1 4431.529
2011 03 18 15 30 00 1 4431.511
2011 03 18 15 15 00 1 4431.496
2011 03 18 15 00 00 1 4431.483
2011 03 18 14 45 00 1 4431.474
2011 03 18 14 30 00 1 4431.474
2011 03 18 14 15 00 1 4431.474
2011 03 18 14 00 00 1 4431.474
2011 03 18 13 45 00 1 4431.483
2011 03 18 13 30 00 1 4431.493
2011 03 18 13 15 00 1 4431.502
2011 03 18 13 00 00 1 4431.516
2011 03 18 12 45 00 1 4431.533
2011 03 18 12 30 00 1 4431.551
2011 03 18 12 15 00 1 4431.572
2011 03 18 12 00 00 1 4431.599
2011 03 18 11 45 00 1 4431.622
2011 03 18 11 30 00 1 4431.651
2011 03 18 11 15 00 1 4431.679
2011 03 18 11 00 00 1 4431.709
2011 03 18 10 45 00 1 4431.738
2011 03 18 10 30 00 1 4431.768
2011 03 18 10 15 00 1 4431.800
2011 03 18 10 00 00 1 4431.834
2011 03 18 09 45 00 1 4431.861
2011 03 18 09 30 00 1 4431.889
2011 03 18 09 15 00 1 4431.913
2011 03 18 09 00 00 1 4431.941
2011 03 18 08 45 00 1 4431.961
2011 03 18 08 30 00 1 4431.975
2011 03 18 08 15 00 1 4431.989
2011 03 18 08 00 00 1 4431.996
2011 03 18 07 45 00 1 4431.998
2011 03 18 07 30 00 1 4432.002
2011 03 18 07 15 00 1 4432.001
2011 03 18 07 00 00 1 4431.996
2011 03 18 06 45 00 1 4431.989
2011 03 18 06 30 00 1 4431.983
2011 03 18 06 15 00 1 4431.971
2011 03 18 06 00 00 1 4431.954
2011 03 18 05 45 00 1 4431.938
2011 03 18 05 30 00 1 4431.922
2011 03 18 05 15 00 1 4431.903
2011 03 18 05 00 00 1 4431.883
2011 03 18 04 45 00 1 4431.865
2011 03 18 04 30 00 1 4431.849
2011 03 18 04 15 00 1 4431.833
2011 03 18 04 00 00 1 4431.817
2011 03 18 03 45 00 1 4431.802
2011 03 18 03 30 00 1 4431.791
2011 03 18 03 15 00 1 4431.780
2011 03 18 03 00 00 1 4431.768
2011 03 18 02 45 00 1 4431.766
2011 03 18 02 30 00 1 4431.765
2011 03 18 02 15 00 1 4431.763
2011 03 18 02 00 00 1 4431.761
2011 03 18 01 45 00 1 4431.763
2011 03 18 01 30 00 1 4431.768
2011 03 18 01 15 00 1 4431.774
2011 03 18 01 00 00 1 4431.783
2011 03 18 00 45 00 1 4431.789
2011 03 18 00 30 00 1 4431.800
2011 03 18 00 15 00 1 4431.813
2011 03 18 00 00 00 1 4431.825
2011 03 17 23 45 00 1 4431.839
2011 03 17 23 30 00 1 4431.854
2011 03 17 23 15 00 1 4431.868
2011 03 17 23 00 00 1 4431.886
2011 03 17 22 45 00 1 4431.904
2011 03 17 22 30 00 1 4431.921
2011 03 17 22 15 00 1 4431.933
2011 03 17 22 00 00 1 4431.946
2011 03 17 21 45 00 1 4431.956
2011 03 17 21 30 00 1 4431.962
2011 03 17 21 15 00 1 4431.972
2011 03 17 21 00 00 1 4431.974
2011 03 17 20 45 00 1 4431.975
2011 03 17 20 30 00 1 4431.973
2011 03 17 20 15 00 1 4431.972
2011 03 17 20 00 00 1 4431.964
2011 03 17 19 45 00 1 4431.954
2011 03 17 19 30 00 1 4431.946
2011 03 17 19 15 00 1 4431.935
2011 03 17 19 00 00 1 4431.918
2011 03 17 18 45 00 1 4431.897
2011 03 17 18 30 00 1 4431.881
2011 03 17 18 15 00 1 4431.860
2011 03 17 18 00 00 1 4431.834
2011 03 17 17 45 00 1 4431.805
2011 03 17 17 30 00 1 4431.774
2011 03 17 17 15 00 1 4431.739
2011 03 17 17 00 00 1 4431.709
2011 03 17 16 45 00 1 4431.676
2011 03 17 16 30 00 1 4431.647
2011 03 17 16 15 00 1 4431.617
2011 03 17 16 00 00 1 4431.586
2011 03 17 15 45 00 1 4431.557
2011 03 17 15 30 00 1 4431.532
2011 03 17 15 15 00 1 4431.506
2011 03 17 15 00 00 1 4431.484
2011 03 17 14 45 00 1 4431.465
2011 03 17 14 30 00 1 4431.447
2011 03 17 14 15 00 1 4431.438
2011 03 17 14 00 00 1 4431.429
2011 03 17 13 45 00 1 4431.422
2011 03 17 13 30 00 1 4431.417
2011 03 17 13 15 00 1 4431.418
2011 03 17 13 00 00 1 4431.422
2011 03 17 12 45 00 1 4431.428
2011 03 17 12 30 00 1 4431.436
2011 03 17 12 15 00 1 4431.452
2011 03 17 12 00 00 1 4431.468
2011 03 17 11 45 00 1 4431.486
2011 03 17 11 30 00 1 4431.505
2011 03 17 11 15 00 1 4431.532
2011 03 17 11 00 00 1 4431.560
2011 03 17 10 45 00 1 4431.592
2011 03 17 10 30 00 1 4431.626
2011 03 17 10 15 00 1 4431.661
2011 03 17 10 00 00 1 4431.694
2011 03 17 09 45 00 1 4431.728
2011 03 17 09 30 00 1 4431.760
2011 03 17 09 15 00 1 4431.793
2011 03 17 09 00 00 1 4431.822
2011 03 17 08 45 00 1 4431.853
2011 03 17 08 30 00 1 4431.882
2011 03 17 08 15 00 1 4431.911
2011 03 17 08 00 00 1 4431.935
2011 03 17 07 45 00 1 4431.959
2011 03 17 07 30 00 1 4431.979
2011 03 17 07 15 00 1 4431.993
2011 03 17 07 00 00 1 4432.006
2011 03 17 06 45 00 1 4432.014
2011 03 17 06 30 00 1 4432.023
2011 03 17 06 15 00 1 4432.028
2011 03 17 06 00 00 1 4432.030
2011 03 17 05 45 00 1 4432.022
2011 03 17 05 30 00 1 4432.016
2011 03 17 05 15 00 1 4432.006
2011 03 17 05 00 00 1 4431.996
2011 03 17 04 45 00 1 4431.986
2011 03 17 04 30 00 1 4431.973
2011 03 17 04 15 00 1 4431.958
2011 03 17 04 00 00 1 4431.941
2011 03 17 03 45 00 1 4431.930
2011 03 17 03 30 00 1 4431.916
2011 03 17 03 15 00 1 4431.900
2011 03 17 03 00 00 1 4431.888
2011 03 17 02 45 00 1 4431.876
2011 03 17 02 30 00 1 4431.867
2011 03 17 02 15 00 1 4431.859
2011 03 17 02 00 00 1 4431.856
2011 03 17 01 45 00 1 4431.848
2011 03 17 01 30 00 1 4431.843
2011 03 17 01 15 00 1 4431.842
2011 03 17 01 00 00 1 4431.841
2011 03 17 00 45 00 1 4431.841
2011 03 17 00 30 00 1 4431.844
2011 03 17 00 15 00 1 4431.846
2011 03 17 00 00 00 1 4431.850
2011 03 16 23 45 00 1 4431.855
2011 03 16 23 30 00 1 4431.863
2011 03 16 23 15 00 1 4431.877
2011 03 16 23 00 00 1 4431.886
2011 03 16 22 45 00 1 4431.890
2011 03 16 22 30 00 1 4431.900
2011 03 16 22 15 00 1 4431.915
2011 03 16 22 00 00 1 4431.927
2011 03 16 21 45 00 1 4431.937
2011 03 16 21 30 00 1 4431.941
2011 03 16 21 15 00 1 4431.949
2011 03 16 21 00 00 1 4431.950
2011 03 16 20 45 00 1 4431.959
2011 03 16 20 30 00 1 4431.962
2011 03 16 20 15 00 1 4431.968
2011 03 16 20 00 00 1 4431.966
2011 03 16 19 45 00 1 4431.963
2011 03 16 19 30 00 1 4431.958
2011 03 16 19 15 00 1 4431.949
2011 03 16 19 00 00 1 4431.938
2011 03 16 18 45 00 1 4431.928
2011 03 16 18 30 00 1 4431.909
2011 03 16 18 15 00 1 4431.896
2011 03 16 18 00 00 1 4431.877
2011 03 16 17 45 00 1 4431.858
2011 03 16 17 30 00 1 4431.834
2011 03 16 17 15 00 1 4431.807
2011 03 16 17 00 00 1 4431.779
2011 03 16 16 45 00 1 4431.747
2011 03 16 16 30 00 1 4431.718
2011 03 16 16 15 00 1 4431.688
2011 03 16 16 00 00 1 4431.655
2011 03 16 15 45 00 1 4431.626
2011 03 16 15 30 00 1 4431.589
2011 03 16 15 15 00 1 4431.561
2011 03 16 15 00 00 1 4431.531
2011 03 16 14 45 00 1 4431.505
2011 03 16 14 30 00 1 4431.480
2011 03 16 14 15 00 1 4431.460
2011 03 16 14 00 00 1 4431.439
2011 03 16 13 45 00 1 4431.421
2011 03 16 13 30 00 1 4431.407
2011 03 16 13 15 00 1 4431.391
2011 03 16 13 00 00 1 4431.382
2011 03 16 12 45 00 1 4431.379
2011 03 16 12 30 00 1 4431.375
2011 03 16 12 15 00 1 4431.377
2011 03 16 12 00 00 1 4431.381
2011 03 16 11 45 00 1 4431.391
2011 03 16 11 30 00 1 4431.403
2011 03 16 11 15 00 1 4431.420
2011 03 16 11 00 00 1 4431.433
2011 03 16 10 45 00 1 4431.452
2011 03 16 10 30 00 1 4431.473
2011 03 16 10 15 00 1 4431.500
2011 03 16 10 00 00 1 4431.533
2011 03 16 09 45 00 1 4431.564
2011 03 16 09 30 00 1 4431.594
2011 03 16 09 15 00 1 4431.627
2011 03 16 09 00 00 1 4431.659
2011 03 16 08 45 00 1 4431.698
2011 03 16 08 30 00 1 4431.732
2011 03 16 08 15 00 1 4431.770
2011 03 16 08 00 00 1 4431.802
2011 03 16 07 45 00 1 4431.829
2011 03 16 07 30 00 1 4431.859
2011 03 16 07 15 00 1 4431.886
2011 03 16 07 00 00 1 4431.910
2011 03 16 06 45 00 1 4431.930
2011 03 16 06 30 00 1 4431.952
2011 03 16 06 15 00 1 4431.968
2011 03 16 06 00 00 1 4431.987
2011 03 16 05 45 00 1 4432.000
2011 03 16 05 30 00 1 4432.007
2011 03 16 05 15 00 1 4432.012
2011 03 16 05 00 00 1 4432.013
2011 03 16 04 45 00 1 4432.016
2011 03 16 04 30 00 1 4432.010
2011 03 16 04 15 00 1 4432.008
2011 03 16 04 00 00 1 4432.003
2011 03 16 03 45 00 1 4431.990
2011 03 16 03 30 00 1 4431.984
2011 03 16 03 15 00 1 4431.979
2011 03 16 03 00 00 1 4431.972
2011 03 16 02 45 00 1 4431.956
2011 03 16 02 30 00 1 4431.942
2011 03 16 02 15 00 1 4431.931
2011 03 16 02 00 00 1 4431.919
2011 03 16 01 45 00 1 4431.915
2011 03 16 01 30 00 1 4431.910
2011 03 16 01 15 00 1 4431.898
2011 03 16 01 00 00 1 4431.893
2011 03 16 00 45 00 1 4431.885
2011 03 16 00 30 00 1 4431.879
2011 03 16 00 15 00 1 4431.879
2011 03 16 00 00 00 1 4431.871
2011 03 15 23 45 00 1 4431.882
2011 03 15 23 30 00 1 4431.878
2011 03 15 23 15 00 1 4431.874
2011 03 15 23 00 00 1 4431.878
2011 03 15 22 45 00 1 4431.890
2011 03 15 22 30 00 1 4431.890
2011 03 15 22 15 00 1 4431.897
2011 03 15 22 00 00 1 4431.896
2011 03 15 21 45 00 1 4431.907
2011 03 15 21 30 00 1 4431.916
2011 03 15 21 15 00 1 4431.926
2011 03 15 21 00 00 1 4431.929
2011 03 15 20 45 00 1 4431.936
2011 03 15 20 30 00 1 4431.935
2011 03 15 20 15 00 1 4431.939
2011 03 15 20 00 00 1 4431.941
2011 03 15 19 45 00 1 4431.941
2011 03 15 19 30 00 1 4431.941
2011 03 15 19 15 00 1 4431.941
2011 03 15 19 00 00 1 4431.937
2011 03 15 18 45 00 1 4431.936
2011 03 15 18 30 00 1 4431.926
2011 03 15 18 15 00 1 4431.916
2011 03 15 18 00 00 1 4431.907
2011 03 15 17 45 00 1 4431.889
2011 03 15 17 30 00 1 4431.874
2011 03 15 17 15 00 1 4431.852
2011 03 15 17 00 00 1 4431.831
2011 03 15 16 45 00 1 4431.808
2011 03 15 16 30 00 1 4431.783
2011 03 15 16 15 00 1 4431.750
2011 03 15 16 00 00 1 4431.715
2011 03 15 15 45 00 1 4431.691
2011 03 15 15 30 00 1 4431.664
2011 03 15 15 15 00 1 4431.635
2011 03 15 15 00 00 1 4431.601
2011 03 15 14 45 00 1 4431.567
2011 03 15 14 30 00 1 4431.540
2011 03 15 14 15 00 1 4431.511
2011 03 15 14 00 00 1 4431.490
2011 03 15 13 45 00 1 4431.459
2011 03 15 13 30 00 1 4431.441
2011 03 15 13 15 00 1 4431.414
2011 03 15 13 00 00 1 4431.401
2011 03 15 12 45 00 1 4431.389
2011 03 15 12 30 00 1 4431.375
2011 03 15 12 15 00 1 4431.362
2011 03 15 12 00 00 1 4431.353
2011 03 15 11 45 00 1 4431.350
2011 03 15 11 30 00 1 4431.355
2011 03 15 11 15 00 1 4431.357
2011 03 15 11 00 00 1 4431.364
2011 03 15 10 45 00 1 4431.373
2011 03 15 10 30 00 1 4431.386
2011 03 15 10 15 00 1 4431.400
2011 03 15 10 00 00 1 4431.421
2011 03 15 09 45 00 1 4431.433
2011 03 15 09 30 00 1 4431.458
2011 03 15 09 15 00 1 4431.487
2011 03 15 09 00 00 1 4431.516
2011 03 15 08 45 00 1 4431.553
2011 03 15 08 30 00 1 4431.586
2011 03 15 08 15 00 1 4431.613
2011 03 15 08 00 00 1 4431.653
2011 03 15 07 45 00 1 4431.689
2011 03 15 07 30 00 1 4431.719
2011 03 15 07 15 00 1 4431.755
2011 03 15 07 00 00 1 4431.783
2011 03 15 06 45 00 1 4431.812
2011 03 15 06 30 00 1 4431.845
2011 03 15 06 15 00 1 4431.870
2011 03 15 06 00 00 1 4431.895
2011 03 15 05 45 00 1 4431.919
2011 03 15 05 30 00 1 4431.936
2011 03 15 05 15 00 1 4431.952
2011 03 15 05 00 00 1 4431.972
2011 03 15 04 45 00 1 4431.981
2011 03 15 04 30 00 1 4431.991
2011 03 15 04 15 00 1 4431.999
2011 03 15 04 00 00 1 4431.997
2011 03 15 03 45 00 1 4432.001
2011 03 15 03 30 00 1 4432.001
2011 03 15 03 15 00 1 4431.997
2011 03 15 03 00 00 1 4431.999
2011 03 15 02 45 00 1 4431.989
2011 03 15 02 30 00 1 4431.978
2011 03 15 02 15 00 1 4431.969
2011 03 15 02 00 00 1 4431.960
2011 03 15 01 45 00 1 4431.950
2011 03 15 01 30 00 1 4431.937
2011 03 15 01 15 00 1 4431.926
2011 03 15 01 00 00 1 4431.917
2011 03 15 00 45 00 1 4431.908
2011 03 15 00 30 00 1 4431.909
2011 03 15 00 15 00 1 4431.903
2011 03 15 00 00 00 1 4431.887
2011 03 14 23 45 00 1 4431.886
2011 03 14 23 30 00 1 4431.884
2011 03 14 23 15 00 1 4431.887
2011 03 14 23 00 00 1 4431.883
2011 03 14 22 45 00 1 4431.881
2011 03 14 22 30 00 1 4431.881
2011 03 14 22 15 00 1 4431.880
2011 03 14 22 00 00 1 4431.879
2011 03 14 21 45 00 1 4431.887
2011 03 14 21 30 00 1 4431.887
2011 03 14 21 15 00 1 4431.901
2011 03 14 21 00 00 1 4431.895
2011 03 14 20 45 00 1 4431.904
2011 03 14 20 30 00 1 4431.903
2011 03 14 20 15 00 1 4431.916
2011 03 14 20 00 00 1 4431.923
2011 03 14 19 45 00 1 4431.920
2011 03 14 19 30 00 1 4431.917
2011 03 14 19 15 00 1 4431.923
2011 03 14 19 00 00 1 4431.924
2011 03 14 18 45 00 1 4431.934
2011 03 14 18 30 00 1 4431.930
2011 03 14 18 15 00 1 4431.920
2011 03 14 18 00 00 1 4431.914
2011 03 14 17 45 00 1 4431.916
2011 03 14 17 30 00 1 4431.905
2011 03 14 17 15 00 1 4431.895
2011 03 14 17 00 00 1 4431.874
2011 03 14 16 45 00 1 4431.859
2011 03 14 16 30 00 1 4431.839
2011 03 14 16 15 00 1 4431.823
2011 03 14 16 00 00 1 4431.800
2011 03 14 15 45 00 1 4431.773
2011 03 14 15 30 00 1 4431.743
2011 03 14 15 15 00 1 4431.715
2011 03 14 15 00 00 1 4431.695
2011 03 14 14 45 00 1 4431.665
2011 03 14 14 30 00 1 4431.629
2011 03 14 14 15 00 1 4431.600
2011 03 14 14 00 00 1 4431.576
2011 03 14 13 45 00 1 4431.538
2011 03 14 13 30 00 1 4431.511
2011 03 14 13 15 00 1 4431.492
2011 03 14 13 00 00 1 4431.459
2011 03 14 12 45 00 1 4431.425
2011 03 14 12 30 00 1 4431.410
2011 03 14 12 15 00 1 4431.393
2011 03 14 12 00 00 1 4431.374
2011 03 14 11 45 00 1 4431.367
2011 03 14 11 30 00 1 4431.353
2011 03 14 11 15 00 1 4431.342
2011 03 14 11 00 00 1 4431.342
2011 03 14 10 45 00 1 4431.346
2011 03 14 10 30 00 1 4431.350
2011 03 14 10 15 00 1 4431.345
2011 03 14 10 00 00 1 4431.357
2011 03 14 09 45 00 1 4431.370
2011 03 14 09 30 00 1 4431.400
2011 03 14 09 15 00 1 4431.400
2011 03 14 09 00 00 1 4431.420
2011 03 14 08 45 00 1 4431.455
2011 03 14 08 30 00 1 4431.478
2011 03 14 08 15 00 1 4431.505
2011 03 14 08 00 00 1 4431.543
2011 03 14 07 45 00 1 4431.567
2011 03 14 07 30 00 1 4431.596
2011 03 14 07 15 00 1 4431.628
2011 03 14 07 00 00 1 4431.671
2011 03 14 06 45 00 1 4431.705
2011 03 14 06 30 00 1 4431.721
2011 03 14 06 15 00 1 4431.756
2011 03 14 06 00 00 1 4431.796
2011 03 14 05 45 00 1 4431.816
2011 03 14 05 30 00 1 4431.841
2011 03 14 05 15 00 1 4431.886
2011 03 14 05 00 00 1 4431.903
2011 03 14 04 45 00 1 4431.915
2011 03 14 04 30 00 1 4431.945
2011 03 14 04 15 00 1 4431.955
2011 03 14 04 00 00 1 4431.970
2011 03 14 03 45 00 1 4431.976
2011 03 14 03 30 00 1 4431.980
2011 03 14 03 15 00 1 4431.983
2011 03 14 03 00 00 1 4431.993
2011 03 14 02 45 00 1 4431.999
2011 03 14 02 30 00 1 4431.996
2011 03 14 02 15 00 1 4431.988
2011 03 14 02 00 00 1 4431.985
2011 03 14 01 45 00 1 4431.985
2011 03 14 01 30 00 1 4431.981
2011 03 14 01 15 00 1 4431.977
2011 03 14 01 00 00 1 4431.963
2011 03 14 00 45 00 1 4431.942
2011 03 14 00 30 00 1 4431.927
2011 03 14 00 15 00 1 4431.930
2011 03 14 00 00 00 1 4431.914
2011 03 13 23 45 00 1 4431.911
2011 03 13 23 30 00 1 4431.894
2011 03 13 23 15 00 1 4431.900
2011 03 13 23 00 00 1 4431.893
2011 03 13 22 45 00 1 4431.896
2011 03 13 22 30 00 1 4431.888
2011 03 13 22 15 00 1 4431.888
2011 03 13 22 00 00 1 4431.871
2011 03 13 21 45 00 1 4431.874
2011 03 13 21 30 00 1 4431.869
2011 03 13 21 15 00 1 4431.880
2011 03 13 21 00 00 1 4431.887
2011 03 13 20 45 00 1 4431.892
2011 03 13 20 30 00 1 4431.873
2011 03 13 20 15 00 1 4431.892
2011 03 13 20 00 00 1 4431.883
2011 03 13 19 45 00 1 4431.885
2011 03 13 19 30 00 1 4431.876
2011 03 13 19 15 00 1 4431.897
2011 03 13 19 00 00 1 4431.888
2011 03 13 18 45 00 1 4431.909
2011 03 13 18 30 00 1 4431.914
2011 03 13 18 15 00 1 4431.897
2011 03 13 18 00 00 1 4431.904
2011 03 13 17 45 00 1 4431.913
2011 03 13 17 30 00 1 4431.909
2011 03 13 17 15 00 1 4431.893
2011 03 13 17 00 00 1 4431.899
2011 03 13 16 45 00 1 4431.880
2011 03 13 16 30 00 1 4431.870
2011 03 13 16 15 00 1 4431.864
2011 03 13 16 00 00 1 4431.865
2011 03 13 15 45 00 1 4431.823
2011 03 13 15 30 00 1 4431.796
2011 03 13 15 15 00 1 4431.776
2011 03 13 15 00 00 1 4431.765
2011 03 13 14 45 00 1 4431.745
2011 03 13 14 30 00 1 4431.694
2011 03 13 14 15 00 1 4431.676
2011 03 13 14 00 00 1 4431.641
2011 03 13 13 45 00 1 4431.626
2011 03 13 13 30 00 1 4431.590
2011 03 13 13 15 00 1 4431.558
2011 03 13 13 00 00 1 4431.530
2011 03 13 12 45 00 1 4431.502
2011 03 13 12 30 00 1 4431.466
2011 03 13 12 15 00 1 4431.467
2011 03 13 12 00 00 1 4431.448
2011 03 13 11 45 00 1 4431.408
2011 03 13 11 30 00 1 4431.392
2011 03 13 11 15 00 1 4431.363
2011 03 13 11 00 00 1 4431.359
2011 03 13 10 45 00 1 4431.367
2011 03 13 10 30 00 1 4431.345
2011 03 13 10 15 00 1 4431.326
2011 03 13 10 00 00 1 4431.343
2011 03 13 09 45 00 1 4431.345
2011 03 13 09 30 00 1 4431.352
2011 03 13 09 15 00 1 4431.363
2011 03 13 09 00 00 1 4431.376
2011 03 13 08 45 00 1 4431.383
2011 03 13 08 30 00 1 4431.406
2011 03 13 08 15 00 1 4431.424
2011 03 13 08 00 00 1 4431.457
2011 03 13 07 45 00 1 4431.465
2011 03 13 07 30 00 1 4431.505
2011 03 13 07 15 00 1 4431.521
2011 03 13 07 00 00 1 4431.558
2011 03 13 06 45 00 1 4431.576
2011 03 13 06 30 00 1 4431.609
2011 03 13 06 15 00 1 4431.650
2011 03 13 06 00 00 1 4431.688
2011 03 13 05 45 00 1 4431.713
2011 03 13 05 30 00 1 4431.722
2011 03 13 05 15 00 1 4431.772
2011 03 13 05 00 00 1 4431.801
2011 03 13 04 45 00 1 4431.826
2011 03 13 04 30 00 1 4431.865
2011 03 13 04 15 00 1 4431.873
2011 03 13 04 00 00 1 4431.899
2011 03 13 03 45 00 1 4431.915
2011 03 13 03 30 00 1 4431.931
2011 03 13 03 15 00 1 4431.959
2011 03 13 03 00 00 1 4431.959
2011 03 13 02 45 00 1 4431.979
2011 03 13 02 30 00 1 4431.978
2011 03 13 02 15 00 1 4431.975
2011 03 13 02 00 00 1 4431.977
2011 03 13 01 45 00 1 4431.990
2011 03 13 01 30 00 1 4431.977
2011 03 13 01 15 00 1 4431.973
2011 03 13 01 00 00 1 4431.972
2011 03 13 00 45 00 1 4431.972
2011 03 13 00 30 00 1 4431.965
2011 03 13 00 15 00 1 4431.941
2011 03 13 00 00 00 1 4431.943
2011 03 12 23 45 00 1 4431.928
2011 03 12 23 30 00 1 4431.925
2011 03 12 23 15 00 1 4431.902
2011 03 12 23 00 00 1 4431.892
2011 03 12 22 45 00 1 4431.893
2011 03 12 22 30 00 1 4431.890
2011 03 12 22 15 00 1 4431.891
2011 03 12 22 00 00 1 4431.877
2011 03 12 21 45 00 1 4431.870
2011 03 12 21 30 00 1 4431.872
2011 03 12 21 15 00 1 4431.861
2011 03 12 21 00 00 1 4431.861
2011 03 12 20 45 00 1 4431.850
2011 03 12 20 30 00 1 4431.853
2011 03 12 20 15 00 1 4431.869
2011 03 12 20 00 00 1 4431.857
2011 03 12 19 45 00 1 4431.868
2011 03 12 19 30 00 1 4431.865
2011 03 12 19 15 00 1 4431.872
2011 03 12 19 00 00 1 4431.885
2011 03 12 18 45 00 1 4431.881
2011 03 12 18 30 00 1 4431.892
2011 03 12 18 15 00 1 4431.905
2011 03 12 17 59 00 2 4431.892
2011 03 12 17 58 00 2 4431.892
2011 03 12 17 57 00 2 4431.896
2011 03 12 17 56 00 2 4431.892
2011 03 12 17 55 00 2 4431.893
2011 03 12 17 54 00 2 4431.889
2011 03 12 17 53 00 2 4431.889
2011 03 12 17 52 00 2 4431.892
2011 03 12 17 51 00 2 4431.893
2011 03 12 17 50 00 2 4431.893
2011 03 12 17 49 00 2 4431.893
2011 03 12 17 48 00 2 4431.896
2011 03 12 17 47 00 2 4431.895
2011 03 12 17 46 00 2 4431.897
2011 03 12 17 45 00 2 4431.902
2011 03 12 17 44 00 2 4431.902
2011 03 12 17 43 00 2 4431.904
2011 03 12 17 42 00 2 4431.902
2011 03 12 17 41 00 2 4431.896
2011 03 12 17 40 00 2 4431.890
2011 03 12 17 39 00 2 4431.888
2011 03 12 17 38 00 2 4431.887
2011 03 12 17 37 00 2 4431.890
2011 03 12 17 36 00 2 4431.886
2011 03 12 17 35 00 2 4431.883
2011 03 12 17 34 00 2 4431.885
2011 03 12 17 33 00 2 4431.883
2011 03 12 17 32 00 2 4431.878
2011 03 12 17 31 00 2 4431.877
2011 03 12 17 30 00 2 4431.880
2011 03 12 17 29 00 2 4431.879
2011 03 12 17 28 00 2 4431.878
2011 03 12 17 27 00 2 4431.880
2011 03 12 17 26 00 2 4431.882
2011 03 12 17 25 00 2 4431.884
2011 03 12 17 24 00 2 4431.883
2011 03 12 17 23 00 2 4431.885
2011 03 12 17 22 00 2 4431.888
2011 03 12 17 21 00 2 4431.890
2011 03 12 17 20 00 2 4431.890
2011 03 12 17 19 00 2 4431.889
2011 03 12 17 18 00 2 4431.891
2011 03 12 17 17 00 2 4431.893
2011 03 12 17 16 00 2 4431.889
2011 03 12 17 15 00 2 4431.887
2011 03 12 17 14 00 2 4431.887
2011 03 12 17 13 00 2 4431.888
2011 03 12 17 12 00 2 4431.884
2011 03 12 17 11 00 2 4431.882
2011 03 12 17 10 00 2 4431.883
2011 03 12 17 09 00 2 4431.887
2011 03 12 17 08 00 2 4431.885
2011 03 12 17 07 00 2 4431.885
2011 03 12 17 06 00 2 4431.892
2011 03 12 17 05 00 2 4431.887
2011 03 12 17 04 00 2 4431.885
2011 03 12 17 03 00 2 4431.889
2011 03 12 17 02 00 2 4431.889
2011 03 12 17 01 00 2 4431.893
2011 03 12 17 00 00 2 4431.899
2011 03 12 16 59 00 2 4431.904
2011 03 12 16 58 00 2 4431.904
2011 03 12 16 57 00 2 4431.905
2011 03 12 16 56 00 2 4431.904
2011 03 12 16 55 00 2 4431.903
2011 03 12 16 54 00 2 4431.903
2011 03 12 16 53 00 2 4431.903
2011 03 12 16 52 00 2 4431.903
2011 03 12 16 51 00 2 4431.901
2011 03 12 16 50 00 2 4431.901
2011 03 12 16 49 00 2 4431.905
2011 03 12 16 48 00 2 4431.908
2011 03 12 16 47 00 2 4431.907
2011 03 12 16 46 00 2 4431.905
2011 03 12 16 45 00 2 4431.901
2011 03 12 16 44 00 2 4431.901
2011 03 12 16 43 00 2 4431.896
2011 03 12 16 42 00 2 4431.900
2011 03 12 16 41 00 2 4431.896
2011 03 12 16 40 00 2 4431.898
2011 03 12 16 39 00 2 4431.897
2011 03 12 16 38 00 2 4431.892
2011 03 12 16 37 00 2 4431.894
2011 03 12 16 36 00 2 4431.894
2011 03 12 16 35 00 2 4431.889
2011 03 12 16 34 00 2 4431.884
2011 03 12 16 33 00 2 4431.885
2011 03 12 16 32 00 2 4431.884
2011 03 12 16 31 00 2 4431.881
2011 03 12 16 30 00 2 4431.882
2011 03 12 16 29 00 2 4431.879
2011 03 12 16 28 00 2 4431.874
2011 03 12 16 27 00 2 4431.871
2011 03 12 16 26 00 2 4431.875
2011 03 12 16 25 00 2 4431.874
2011 03 12 16 24 00 2 4431.866
2011 03 12 16 23 00 2 4431.865
2011 03 12 16 22 00 2 4431.863
2011 03 12 16 21 00 2 4431.862
2011 03 12 16 20 00 2 4431.861
2011 03 12 16 19 00 2 4431.861
2011 03 12 16 18 00 2 4431.861
2011 03 12 16 17 00 2 4431.861
2011 03 12 16 16 00 2 4431.865
2011 03 12 16 15 00 2 4431.865
2011 03 12 16 14 00 2 4431.866
2011 03 12 16 13 00 2 4431.865
2011 03 12 16 12 00 2 4431.864
2011 03 12 16 11 00 2 4431.864
2011 03 12 16 10 00 2 4431.867
2011 03 12 16 09 00 2 4431.864
2011 03 12 16 08 00 2 4431.860
2011 03 12 16 07 00 2 4431.858
2011 03 12 16 06 00 2 4431.856
2011 03 12 16 05 00 2 4431.855
2011 03 12 16 04 00 2 4431.858
2011 03 12 16 03 00 2 4431.856
2011 03 12 16 02 00 2 4431.852
2011 03 12 16 01 00 2 4431.854
2011 03 12 16 00 00 2 4431.852
2011 03 12 15 59 00 2 4431.851
2011 03 12 15 58 00 2 4431.854
2011 03 12 15 57 00 2 4431.853
2011 03 12 15 56 00 2 4431.855
2011 03 12 15 55 00 2 4431.856
2011 03 12 15 54 00 2 4431.855
2011 03 12 15 53 00 2 4431.857
2011 03 12 15 52 00 2 4431.857
2011 03 12 15 51 00 2 4431.852
2011 03 12 15 50 00 2 4431.857
2011 03 12 15 49 00 2 4431.860
2011 03 12 15 48 00 2 4431.855
2011 03 12 15 47 00 2 4431.856
2011 03 12 15 46 00 2 4431.860
2011 03 12 15 45 00 2 4431.856
2011 03 12 15 44 00 2 4431.851
2011 03 12 15 43 00 2 4431.853
2011 03 12 15 42 00 2 4431.858
2011 03 12 15 41 00 2 4431.858
2011 03 12 15 40 00 2 4431.855
2011 03 12 15 39 00 2 4431.857
2011 03 12 15 38 00 2 4431.857
2011 03 12 15 37 00 2 4431.856
2011 03 12 15 36 00 2 4431.858
2011 03 12 15 35 00 2 4431.858
2011 03 12 15 34 00 2 4431.860
2011 03 12 15 33 00 2 4431.861
2011 03 12 15 32 00 2 4431.859
2011 03 12 15 31 00 2 4431.858
2011 03 12 15 30 00 2 4431.861
2011 03 12 15 29 00 2 4431.867
2011 03 12 15 28 00 2 4431.871
2011 03 12 15 27 00 2 4431.873
2011 03 12 15 26 00 2 4431.869
2011 03 12 15 25 00 2 4431.862
2011 03 12 15 24 00 2 4431.858
2011 03 12 15 23 00 2 4431.851
2011 03 12 15 22 00 2 4431.843
2011 03 12 15 21 00 2 4431.837
2011 03 12 15 20 00 2 4431.829
2011 03 12 15 19 00 2 4431.825
2011 03 12 15 18 00 2 4431.826
2011 03 12 15 17 00 2 4431.824
2011 03 12 15 16 00 2 4431.822
2011 03 12 15 15 00 2 4431.824
2011 03 12 15 14 00 2 4431.823
2011 03 12 15 13 00 2 4431.827
2011 03 12 15 12 00 2 4431.824
2011 03 12 15 11 00 2 4431.812
2011 03 12 15 10 00 2 4431.812
2011 03 12 15 09 00 2 4431.817
2011 03 12 15 08 00 2 4431.815
2011 03 12 15 07 00 2 4431.811
2011 03 12 15 06 00 2 4431.807
2011 03 12 15 05 00 2 4431.811
2011 03 12 15 04 00 2 4431.807
2011 03 12 15 03 00 2 4431.797
2011 03 12 15 02 00 2 4431.795
2011 03 12 15 01 00 2 4431.793
2011 03 12 15 00 00 2 4431.792
2011 03 12 14 59 00 2 4431.795
2011 03 12 14 58 00 2 4431.795
2011 03 12 14 57 00 2 4431.792
2011 03 12 14 56 00 2 4431.798
2011 03 12 14 55 00 2 4431.797
2011 03 12 14 54 00 2 4431.795
2011 03 12 14 53 00 2 4431.798
2011 03 12 14 52 00 2 4431.798
2011 03 12 14 51 00 2 4431.801
2011 03 12 14 50 00 2 4431.808
2011 03 12 14 49 00 2 4431.807
2011 03 12 14 48 00 2 4431.804
2011 03 12 14 47 00 2 4431.807
2011 03 12 14 46 00 2 4431.811
2011 03 12 14 45 00 2 4431.809
2011 03 12 14 44 00 2 4431.808
2011 03 12 14 43 00 2 4431.802
2011 03 12 14 42 00 2 4431.794
2011 03 12 14 41 00 2 4431.790
2011 03 12 14 40 00 2 4431.784
2011 03 12 14 39 00 2 4431.781
2011 03 12 14 38 00 2 4431.778
2011 03 12 14 37 00 2 4431.779
2011 03 12 14 36 00 2 4431.774
2011 03 12 14 35 00 2 4431.773
2011 03 12 14 34 00 2 4431.770
2011 03 12 14 33 00 2 4431.767
2011 03 12 14 32 00 2 4431.761
2011 03 12 14 31 00 2 4431.757
2011 03 12 14 30 00 2 4431.762
2011 03 12 14 29 00 2 4431.766
2011 03 12 14 28 00 2 4431.766
2011 03 12 14 27 00 2 4431.763
2011 03 12 14 26 00 2 4431.760
2011 03 12 14 25 00 2 4431.759
2011 03 12 14 24 00 2 4431.766
2011 03 12 14 23 00 2 4431.769
2011 03 12 14 22 00 2 4431.770
2011 03 12 14 21 00 2 4431.770
2011 03 12 14 20 00 2 4431.776
2011 03 12 14 19 00 2 4431.774
2011 03 12 14 18 00 2 4431.766
2011 03 12 14 17 00 2 4431.759
2011 03 12 14 16 00 2 4431.752
2011 03 12 14 15 00 2 4431.746
2011 03 12 14 14 00 2 4431.746
2011 03 12 14 13 00 2 4431.746
2011 03 12 14 12 00 2 4431.744
2011 03 12 14 11 00 2 4431.737
2011 03 12 14 10 30 3 4431.736
2011 03 12 14 10 15 3 4431.736
2011 03 12 14 10 00 3 4431.735
2011 03 12 14 10 00 2 4431.736
2011 03 12 14 09 45 3 4431.735
2011 03 12 14 09 30 3 4431.734
2011 03 12 14 09 15 3 4431.735
2011 03 12 14 09 00 3 4431.737
2011 03 12 14 09 00 2 4431.735
2011 03 12 14 08 45 3 4431.738
2011 03 12 14 08 30 3 4431.740
2011 03 12 14 08 15 3 4431.740
2011 03 12 14 08 00 3 4431.741
2011 03 12 14 08 00 2 4431.740
2011 03 12 14 07 45 3 4431.742
2011 03 12 14 07 30 3 4431.743
2011 03 12 14 07 15 3 4431.745
2011 03 12 14 07 00 3 4431.746
2011 03 12 14 07 00 2 4431.744
2011 03 12 14 06 45 3 4431.748
2011 03 12 14 06 00 2 4431.751
2011 03 12 14 05 00 2 4431.759
2011 03 12 14 04 00 2 4431.765
2011 03 12 14 03 00 2 4431.766
2011 03 12 14 02 00 2 4431.763
2011 03 12 14 01 00 2 4431.766
2011 03 12 14 00 00 2 4431.766
2011 03 12 14 00 00 1 4431.763
2011 03 12 13 59 00 2 4431.760
2011 03 12 13 58 00 2 4431.757
2011 03 12 13 57 00 2 4431.748
2011 03 12 13 56 00 2 4431.739
2011 03 12 13 55 00 2 4431.737
2011 03 12 13 54 00 2 4431.734
2011 03 12 13 53 00 2 4431.729
2011 03 12 13 52 00 2 4431.723
2011 03 12 13 51 00 2 4431.721
2011 03 12 13 50 00 2 4431.716
2011 03 12 13 49 00 2 4431.716
2011 03 12 13 48 00 2 4431.718
2011 03 12 13 47 00 2 4431.709
2011 03 12 13 46 00 2 4431.702
2011 03 12 13 45 00 2 4431.702
2011 03 12 13 45 00 1 4431.700
2011 03 12 13 44 00 2 4431.693
2011 03 12 13 43 00 2 4431.689
2011 03 12 13 42 00 2 4431.694
2011 03 12 13 41 00 2 4431.694
2011 03 12 13 40 00 2 4431.699
2011 03 12 13 39 00 2 4431.701
2011 03 12 13 38 00 2 4431.701
2011 03 12 13 37 00 2 4431.704
2011 03 12 13 36 00 2 4431.695
2011 03 12 13 35 00 2 4431.692
2011 03 12 13 34 00 2 4431.689
2011 03 12 13 33 00 2 4431.683
2011 03 12 13 32 00 2 4431.679
2011 03 12 13 31 00 2 4431.679
2011 03 12 13 30 00 2 4431.678
2011 03 12 13 30 00 1 4431.678
2011 03 12 13 29 00 2 4431.676
2011 03 12 13 28 00 2 4431.673
2011 03 12 13 27 00 2 4431.670
2011 03 12 13 26 00 2 4431.666
2011 03 12 13 25 00 2 4431.668
2011 03 12 13 24 00 2 4431.666
2011 03 12 13 23 00 2 4431.661
2011 03 12 13 22 00 2 4431.662
2011 03 12 13 21 00 2 4431.666
2011 03 12 13 20 00 2 4431.662
2011 03 12 13 19 00 2 4431.660
2011 03 12 13 18 00 2 4431.658
2011 03 12 13 17 00 2 4431.647
2011 03 12 13 16 00 2 4431.640
2011 03 12 13 15 00 2 4431.642
2011 03 12 13 15 00 1 4431.643
2011 03 12 13 14 00 2 4431.641
2011 03 12 13 13 00 2 4431.638
2011 03 12 13 12 00 2 4431.637
2011 03 12 13 11 00 2 4431.633
2011 03 12 13 10 00 2 4431.625
2011 03 12 13 09 00 2 4431.623
2011 03 12 13 08 00 2 4431.627
2011 03 12 13 07 00 2 4431.622
2011 03 12 13 06 00 2 4431.616
2011 03 12 13 05 00 2 4431.618
2011 03 12 13 04 00 2 4431.627
2011 03 12 13 03 00 2 4431.624
2011 03 12 13 02 00 2 4431.618
2011 03 12 13 01 00 2 4431.621
2011 03 12 13 00 00 2 4431.627
2011 03 12 13 00 00 1 4431.627
2011 03 12 12 45 00 1 4431.628
2011 03 12 12 30 00 1 4431.570
2011 03 12 12 15 00 1 4431.531
2011 03 12 12 00 00 1 4431.524
2011 03 12 11 45 00 1 4431.503
2011 03 12 11 30 00 1 4431.481
2011 03 12 11 15 00 1 4431.458
2011 03 12 11 00 00 1 4431.434
2011 03 12 10 45 00 1 4431.419
2011 03 12 10 30 00 1 4431.401
2011 03 12 10 15 00 1 4431.409
2011 03 12 10 00 00 1 4431.404
2011 03 12 09 45 00 1 4431.382
2011 03 12 09 30 00 1 4431.355
2011 03 12 09 15 00 1 4431.362
2011 03 12 09 00 00 1 4431.356
2011 03 12 08 45 00 1 4431.373
2011 03 12 08 30 00 1 4431.398
2011 03 12 08 15 00 1 4431.404
2011 03 12 08 00 00 1 4431.411
2011 03 12 07 45 00 1 4431.422
2011 03 12 07 30 00 1 4431.469
2011 03 12 07 15 00 1 4431.495
2011 03 12 06 59 00 2 4431.485
2011 03 12 06 58 00 2 4431.488
2011 03 12 06 57 00 2 4431.490
2011 03 12 06 56 00 2 4431.493
2011 03 12 06 55 00 2 4431.500
2011 03 12 06 54 00 2 4431.495
2011 03 12 06 53 00 2 4431.491
2011 03 12 06 52 00 2 4431.493
2011 03 12 06 51 00 2 4431.486
2011 03 12 06 50 00 2 4431.481
2011 03 12 06 49 00 2 4431.480
2011 03 12 06 48 00 2 4431.486
2011 03 12 06 47 00 2 4431.499
2011 03 12 06 46 00 2 4431.505
2011 03 12 06 45 00 2 4431.504
2011 03 12 06 44 00 2 4431.513
2011 03 12 06 43 00 2 4431.525
2011 03 12 06 42 00 2 4431.531
2011 03 12 06 41 00 2 4431.527
2011 03 12 06 40 00 2 4431.523
2011 03 12 06 39 00 2 4431.520
2011 03 12 06 38 00 2 4431.522
2011 03 12 06 37 00 2 4431.519
2011 03 12 06 36 00 2 4431.520
2011 03 12 06 35 00 2 4431.532
2011 03 12 06 34 00 2 4431.536
2011 03 12 06 33 00 2 4431.541
2011 03 12 06 32 00 2 4431.541
2011 03 12 06 31 00 2 4431.535
2011 03 12 06 30 00 2 4431.537
2011 03 12 06 29 00 2 4431.540
2011 03 12 06 28 00 2 4431.534
2011 03 12 06 27 00 2 4431.543
2011 03 12 06 26 00 2 4431.543
2011 03 12 06 25 00 2 4431.541
2011 03 12 06 24 00 2 4431.551
2011 03 12 06 23 00 2 4431.552
2011 03 12 06 22 00 2 4431.555
2011 03 12 06 21 00 2 4431.559
2011 03 12 06 20 00 2 4431.551
2011 03 12 06 19 00 2 4431.554
2011 03 12 06 18 00 2 4431.566
2011 03 12 06 17 00 2 4431.560
2011 03 12 06 16 00 2 4431.562
2011 03 12 06 15 00 2 4431.562
2011 03 12 06 14 00 2 4431.558
2011 03 12 06 13 00 2 4431.563
2011 03 12 06 12 00 2 4431.560
2011 03 12 06 11 00 2 4431.563
2011 03 12 06 10 00 2 4431.569
2011 03 12 06 09 00 2 4431.568
2011 03 12 06 08 00 2 4431.563
2011 03 12 06 07 00 2 4431.570
2011 03 12 06 06 00 2 4431.570
2011 03 12 06 05 00 2 4431.564
2011 03 12 06 04 00 2 4431.571
2011 03 12 06 03 00 2 4431.571
2011 03 12 06 02 00 2 4431.577
2011 03 12 06 01 00 2 4431.587
2011 03 12 06 00 00 2 4431.581
2011 03 12 05 59 00 2 4431.585
2011 03 12 05 58 00 2 4431.593
2011 03 12 05 57 00 2 4431.597
2011 03 12 05 56 00 2 4431.605
2011 03 12 05 55 00 2 4431.613
2011 03 12 05 54 00 2 4431.627
2011 03 12 05 53 00 2 4431.639
2011 03 12 05 52 00 2 4431.642
2011 03 12 05 51 00 2 4431.641
2011 03 12 05 50 00 2 4431.638
2011 03 12 05 49 00 2 4431.639
2011 03 12 05 48 00 2 4431.645
2011 03 12 05 47 00 2 4431.650
2011 03 12 05 46 00 2 4431.653
2011 03 12 05 45 00 2 4431.659
2011 03 12 05 44 00 2 4431.659
2011 03 12 05 43 00 2 4431.659
2011 03 12 05 42 00 2 4431.663
2011 03 12 05 41 00 2 4431.663
2011 03 12 05 40 00 2 4431.661
2011 03 12 05 39 00 2 4431.658
2011 03 12 05 38 00 2 4431.660
2011 03 12 05 37 00 2 4431.658
2011 03 12 05 36 00 2 4431.649
2011 03 12 05 35 00 2 4431.646
2011 03 12 05 34 00 2 4431.646
2011 03 12 05 33 00 2 4431.645
2011 03 12 05 32 00 2 4431.644
2011 03 12 05 31 00 2 4431.646
2011 03 12 05 30 00 2 4431.653
2011 03 12 05 29 00 2 4431.660
2011 03 12 05 28 00 2 4431.670
2011 03 12 05 27 00 2 4431.674
2011 03 12 05 26 00 2 4431.674
2011 03 12 05 25 00 2 4431.680
2011 03 12 05 24 00 2 4431.683
2011 03 12 05 23 00 2 4431.677
2011 03 12 05 22 00 2 4431.674
2011 03 12 05 21 00 2 4431.676
2011 03 12 05 20 00 2 4431.678
2011 03 12 05 19 00 2 4431.678
2011 03 12 05 18 00 2 4431.671
2011 03 12 05 17 00 2 4431.666
2011 03 12 05 16 00 2 4431.673
2011 03 12 05 15 00 2 4431.673
2011 03 12 05 14 00 2 4431.678
2011 03 12 05 13 00 2 4431.685
2011 03 12 05 12 00 2 4431.679
2011 03 12 05 11 00 2 4431.689
2011 03 12 05 10 00 2 4431.708
2011 03 12 05 09 00 2 4431.705
2011 03 12 05 08 00 2 4431.711
2011 03 12 05 07 00 2 4431.716
2011 03 12 05 06 00 2 4431.716
2011 03 12 05 05 00 2 4431.719
2011 03 12 05 04 00 2 4431.719
2011 03 12 05 03 00 2 4431.727
2011 03 12 05 02 00 2 4431.735
2011 03 12 05 01 00 2 4431.737
2011 03 12 05 00 00 2 4431.739
2011 03 12 04 59 00 2 4431.735
2011 03 12 04 58 00 2 4431.736
2011 03 12 04 57 00 2 4431.741
2011 03 12 04 56 00 2 4431.738
2011 03 12 04 55 00 2 4431.735
2011 03 12 04 54 00 2 4431.740
2011 03 12 04 53 00 2 4431.735
2011 03 12 04 52 00 2 4431.732
2011 03 12 04 51 00 2 4431.743
2011 03 12 04 50 00 2 4431.753
2011 03 12 04 49 00 2 4431.750
2011 03 12 04 48 00 2 4431.751
2011 03 12 04 47 00 2 4431.757
2011 03 12 04 46 00 2 4431.755
2011 03 12 04 45 00 2 4431.756
2011 03 12 04 44 00 2 4431.763
2011 03 12 04 43 00 2 4431.759
2011 03 12 04 42 00 2 4431.769
2011 03 12 04 41 00 2 4431.768
2011 03 12 04 40 00 2 4431.765
2011 03 12 04 39 00 2 4431.775
2011 03 12 04 38 00 2 4431.773
2011 03 12 04 37 00 2 4431.761
2011 03 12 04 36 00 2 4431.762
2011 03 12 04 35 00 2 4431.766
2011 03 12 04 34 00 2 4431.769
2011 03 12 04 33 00 2 4431.770
2011 03 12 04 32 00 2 4431.757
2011 03 12 04 31 00 2 4431.748
2011 03 12 04 30 00 2 4431.753
2011 03 12 04 29 00 2 4431.760
2011 03 12 04 28 00 2 4431.762
2011 03 12 04 27 00 2 4431.776
2011 03 12 04 26 00 2 4431.772
2011 03 12 04 25 00 2 4431.782
2011 03 12 04 24 00 2 4431.795
2011 03 12 04 23 00 2 4431.786
2011 03 12 04 22 00 2 4431.794
2011 03 12 04 21 00 2 4431.802
2011 03 12 04 20 00 2 4431.803
2011 03 12 04 19 00 2 4431.809
2011 03 12 04 18 00 2 4431.812
2011 03 12 04 17 00 2 4431.801
2011 03 12 04 16 00 2 4431.789
2011 03 12 04 15 00 2 4431.783
2011 03 12 04 14 00 2 4431.789
2011 03 12 04 13 00 2 4431.801
2011 03 12 04 12 00 2 4431.812
2011 03 12 04 11 00 2 4431.814
2011 03 12 04 10 00 2 4431.817
2011 03 12 04 09 00 2 4431.822
2011 03 12 04 08 00 2 4431.823
2011 03 12 04 07 00 2 4431.830
2011 03 12 04 06 00 2 4431.834
2011 03 12 04 05 00 2 4431.829
2011 03 12 04 04 00 2 4431.819
2011 03 12 04 03 00 2 4431.823
2011 03 12 04 02 00 2 4431.823
2011 03 12 04 01 00 2 4431.816
2011 03 12 04 00 00 2 4431.819
2011 03 12 03 59 00 2 4431.831
2011 03 12 03 58 00 2 4431.842
2011 03 12 03 57 00 2 4431.847
2011 03 12 03 56 00 2 4431.853
2011 03 12 03 55 00 2 4431.859
2011 03 12 03 54 00 2 4431.866
2011 03 12 03 53 00 2 4431.865
2011 03 12 03 52 00 2 4431.862
2011 03 12 03 51 00 2 4431.853
2011 03 12 03 50 00 2 4431.854
2011 03 12 03 49 00 2 4431.867
2011 03 12 03 48 00 2 4431.862
2011 03 12 03 47 00 2 4431.852
2011 03 12 03 46 00 2 4431.847
2011 03 12 03 45 00 2 4431.841
2011 03 12 03 44 00 2 4431.844
2011 03 12 03 43 00 2 4431.850
2011 03 12 03 42 00 2 4431.864
2011 03 12 03 41 00 2 4431.880
2011 03 12 03 40 00 2 4431.882
2011 03 12 03 39 00 2 4431.886
2011 03 12 03 38 00 2 4431.889
2011 03 12 03 37 00 2 4431.882
2011 03 12 03 36 00 2 4431.886
2011 03 12 03 35 00 2 4431.886
2011 03 12 03 34 00 2 4431.885
2011 03 12 03 33 00 2 4431.884
2011 03 12 03 32 00 2 4431.877
2011 03 12 03 31 00 2 4431.877
2011 03 12 03 30 00 2 4431.880
2011 03 12 03 29 00 2 4431.867
2011 03 12 03 28 00 2 4431.862
2011 03 12 03 27 00 2 4431.874
2011 03 12 03 26 00 2 4431.884
2011 03 12 03 25 00 2 4431.890
2011 03 12 03 24 00 2 4431.884
2011 03 12 03 23 00 2 4431.882
2011 03 12 03 22 00 2 4431.889
2011 03 12 03 21 00 2 4431.889
2011 03 12 03 20 00 2 4431.884
2011 03 12 03 19 00 2 4431.883
2011 03 12 03 18 00 2 4431.890
2011 03 12 03 17 00 2 4431.895
2011 03 12 03 16 00 2 4431.907
2011 03 12 03 15 00 2 4431.916
2011 03 12 03 14 00 2 4431.910
2011 03 12 03 13 00 2 4431.901
2011 03 12 03 12 00 2 4431.901
2011 03 12 03 11 00 2 4431.912
2011 03 12 03 10 00 2 4431.922
2011 03 12 03 09 00 2 4431.931
2011 03 12 03 08 00 2 4431.936
2011 03 12 03 07 00 2 4431.929
2011 03 12 03 06 00 2 4431.926
2011 03 12 03 05 00 2 4431.929
2011 03 12 03 04 00 2 4431.932
2011 03 12 03 03 00 2 4431.935
2011 03 12 03 02 00 2 4431.932
2011 03 12 03 01 00 2 4431.929
2011 03 12 03 00 00 2 4431.929
2011 03 12 02 59 00 2 4431.927
2011 03 12 02 58 00 2 4431.933
2011 03 12 02 57 00 2 4431.935
2011 03 12 02 56 00 2 4431.937
2011 03 12 02 55 00 2 4431.943
2011 03 12 02 54 00 2 4431.941
2011 03 12 02 53 00 2 4431.929
2011 03 12 02 52 00 2 4431.918
2011 03 12 02 51 00 2 4431.924
2011 03 12 02 50 00 2 4431.929
2011 03 12 02 49 00 2 4431.928
2011 03 12 02 48 00 2 4431.930
2011 03 12 02 47 00 2 4431.939
2011 03 12 02 46 00 2 4431.947
2011 03 12 02 45 00 2 4431.940
2011 03 12 02 44 00 2 4431.935
2011 03 12 02 43 00 2 4431.934
2011 03 12 02 42 00 2 4431.934
2011 03 12 02 41 00 2 4431.923
2011 03 12 02 40 00 2 4431.933
2011 03 12 02 39 00 2 4431.946
2011 03 12 02 38 00 2 4431.941
2011 03 12 02 37 00 2 4431.938
2011 03 12 02 36 00 2 4431.950
2011 03 12 02 35 00 2 4431.952
2011 03 12 02 34 00 2 4431.949
2011 03 12 02 33 00 2 4431.966
2011 03 12 02 32 00 2 4431.976
2011 03 12 02 31 00 2 4431.976
2011 03 12 02 30 00 2 4431.972
2011 03 12 02 29 00 2 4431.974
2011 03 12 02 28 00 2 4431.982
2011 03 12 02 27 00 2 4431.984
2011 03 12 02 26 00 2 4431.977
2011 03 12 02 25 00 2 4431.973
2011 03 12 02 24 00 2 4431.970
2011 03 12 02 23 00 2 4431.974
2011 03 12 02 22 00 2 4431.972
2011 03 12 02 21 00 2 4431.961
2011 03 12 02 20 00 2 4431.952
2011 03 12 02 19 00 2 4431.957
2011 03 12 02 18 00 2 4431.966
2011 03 12 02 17 00 2 4431.960
2011 03 12 02 16 00 2 4431.954
2011 03 12 02 15 00 2 4431.960
2011 03 12 02 14 00 2 4431.964
2011 03 12 02 13 00 2 4431.968
2011 03 12 02 12 00 2 4431.981
2011 03 12 02 11 00 2 4431.982
2011 03 12 02 10 00 2 4431.979
2011 03 12 02 09 00 2 4431.991
2011 03 12 02 08 00 2 4431.998
2011 03 12 02 07 00 2 4431.994
2011 03 12 02 06 00 2 4431.989
2011 03 12 02 05 00 2 4431.998
2011 03 12 02 04 00 2 4431.999
2011 03 12 02 03 00 2 4431.979
2011 03 12 02 02 00 2 4431.966
2011 03 12 02 01 00 2 4431.970
2011 03 12 02 00 00 2 4431.969
2011 03 12 01 59 00 2 4431.966
2011 03 12 01 58 00 2 4431.956
2011 03 12 01 57 00 2 4431.952
2011 03 12 01 56 00 2 4431.963
2011 03 12 01 55 00 2 4431.979
2011 03 12 01 54 00 2 4431.976
2011 03 12 01 53 00 2 4431.959
2011 03 12 01 52 00 2 4431.971
2011 03 12 01 51 00 2 4431.988
2011 03 12 01 50 00 2 4431.995
2011 03 12 01 49 00 2 4431.998
2011 03 12 01 48 00 2 4432.005
2011 03 12 01 47 00 2 4431.998
2011 03 12 01 46 00 2 4431.992
2011 03 12 01 45 00 2 4431.994
2011 03 12 01 44 00 2 4431.992
2011 03 12 01 43 00 2 4431.994
2011 03 12 01 42 00 2 4431.982
2011 03 12 01 41 00 2 4431.979
2011 03 12 01 40 00 2 4432.002
2011 03 12 01 39 00 2 4432.026
2011 03 12 01 38 00 2 4432.033
2011 03 12 01 37 00 2 4432.024
2011 03 12 01 36 00 2 4432.014
2011 03 12 01 35 00 2 4432.006
2011 03 12 01 34 00 2 4431.991
2011 03 12 01 33 00 2 4431.987
2011 03 12 01 32 00 2 4431.988
2011 03 12 01 31 00 2 4431.978
2011 03 12 01 30 00 2 4431.979
2011 03 12 01 29 00 2 4431.981
2011 03 12 01 28 00 2 4431.980
2011 03 12 01 27 00 2 4431.982
2011 03 12 01 26 00 2 4431.970
2011 03 12 01 25 00 2 4431.960
2011 03 12 01 24 00 2 4431.958
2011 03 12 01 23 00 2 4431.962
2011 03 12 01 22 00 2 4431.976
2011 03 12 01 21 00 2 4431.982
2011 03 12 01 20 00 2 4431.994
2011 03 12 01 19 00 2 4431.998
2011 03 12 01 18 00 2 4431.995
2011 03 12 01 17 00 2 4431.983
2011 03 12 01 16 00 2 4431.962
2011 03 12 01 15 00 2 4431.950
2011 03 12 01 14 00 2 4431.941
2011 03 12 01 13 00 2 4431.947
2011 03 12 01 12 00 2 4431.952
2011 03 12 01 11 00 2 4431.946
2011 03 12 01 10 00 2 4431.950
2011 03 12 01 09 00 2 4431.962
2011 03 12 01 08 00 2 4431.973
2011 03 12 01 07 00 2 4431.974
2011 03 12 01 06 00 2 4431.976
2011 03 12 01 05 00 2 4431.971
2011 03 12 01 04 00 2 4431.961
2011 03 12 01 03 00 2 4431.956
2011 03 12 01 02 00 2 4431.956
2011 03 12 01 01 00 2 4431.956
2011 03 12 01 00 00 2 4431.966
2011 03 12 00 59 00 2 4431.977
2011 03 12 00 58 00 2 4431.973
2011 03 12 00 57 00 2 4431.972
2011 03 12 00 56 00 2 4431.978
2011 03 12 00 55 00 2 4431.978
2011 03 12 00 54 00 2 4431.977
2011 03 12 00 53 00 2 4431.980
2011 03 12 00 52 00 2 4431.978
2011 03 12 00 51 00 2 4431.975
2011 03 12 00 50 00 2 4431.979
2011 03 12 00 49 00 2 4431.984
2011 03 12 00 48 00 2 4431.986
2011 03 12 00 47 00 2 4431.991
2011 03 12 00 46 00 2 4432.001
2011 03 12 00 45 00 2 4432.008
2011 03 12 00 44 00 2 4432.007
2011 03 12 00 43 00 2 4432.004
2011 03 12 00 42 00 2 4432.006
2011 03 12 00 41 00 2 4432.012
2011 03 12 00 40 00 2 4432.010
2011 03 12 00 39 00 2 4432.014
2011 03 12 00 38 00 2 4432.011
2011 03 12 00 37 00 2 4432.006
2011 03 12 00 36 00 2 4432.008
2011 03 12 00 35 00 2 4432.002
2011 03 12 00 34 00 2 4431.989
2011 03 12 00 33 00 2 4431.982
2011 03 12 00 32 00 2 4431.982
2011 03 12 00 31 00 2 4431.977
2011 03 12 00 30 00 2 4431.975
2011 03 12 00 29 00 2 4431.981
2011 03 12 00 28 00 2 4431.975
2011 03 12 00 27 00 2 4431.955
2011 03 12 00 26 00 2 4431.960
2011 03 12 00 25 00 2 4431.972
2011 03 12 00 24 00 2 4431.980
2011 03 12 00 23 00 2 4431.993
2011 03 12 00 22 00 2 4431.999
2011 03 12 00 21 00 2 4431.983
2011 03 12 00 20 00 2 4431.975
2011 03 12 00 19 00 2 4431.984
2011 03 12 00 18 00 2 4431.983
2011 03 12 00 17 00 2 4431.980
2011 03 12 00 16 00 2 4431.976
2011 03 12 00 15 00 2 4431.966
2011 03 12 00 14 00 2 4431.966
2011 03 12 00 13 00 2 4431.976
2011 03 12 00 12 00 2 4431.973
2011 03 12 00 11 00 2 4431.968
2011 03 12 00 10 00 2 4431.969
2011 03 12 00 09 00 2 4431.967
2011 03 12 00 08 00 2 4431.956
2011 03 12 00 07 00 2 4431.951
2011 03 12 00 06 00 2 4431.957
2011 03 12 00 05 00 2 4431.953
2011 03 12 00 04 00 2 4431.942
2011 03 12 00 03 00 2 4431.945
2011 03 12 00 02 00 2 4431.945
2011 03 12 00 01 00 2 4431.938
2011 03 12 00 00 00 2 4431.942
2011 03 11 23 59 00 2 4431.944
2011 03 11 23 58 00 2 4431.941
2011 03 11 23 57 00 2 4431.947
2011 03 11 23 56 00 2 4431.951
2011 03 11 23 55 00 2 4431.945
2011 03 11 23 54 00 2 4431.962
2011 03 11 23 53 00 2 4431.983
2011 03 11 23 52 00 2 4431.975
2011 03 11 23 51 00 2 4431.970
2011 03 11 23 50 00 2 4431.963
2011 03 11 23 49 00 2 4431.967
2011 03 11 23 48 00 2 4431.962
2011 03 11 23 47 00 2 4431.959
2011 03 11 23 46 00 2 4431.971
2011 03 11 23 45 00 2 4431.959
2011 03 11 23 44 00 2 4431.953
2011 03 11 23 43 00 2 4431.966
2011 03 11 23 42 00 2 4431.964
2011 03 11 23 41 00 2 4431.964
2011 03 11 23 40 00 2 4431.977
2011 03 11 23 39 00 2 4431.992
2011 03 11 23 38 00 2 4431.996
2011 03 11 23 37 00 2 4431.990
2011 03 11 23 36 00 2 4431.982
2011 03 11 23 35 00 2 4431.974
2011 03 11 23 34 00 2 4431.966
2011 03 11 23 33 00 2 4431.954
2011 03 11 23 32 00 2 4431.945
2011 03 11 23 31 00 2 4431.941
2011 03 11 23 30 00 2 4431.943
2011 03 11 23 29 00 2 4431.943
2011 03 11 23 28 00 2 4431.948
2011 03 11 23 27 00 2 4431.949
2011 03 11 23 26 00 2 4431.943
2011 03 11 23 25 00 2 4431.942
2011 03 11 23 24 00 2 4431.939
2011 03 11 23 23 00 2 4431.944
2011 03 11 23 22 00 2 4431.960
2011 03 11 23 21 00 2 4431.968
2011 03 11 23 20 00 2 4431.958
2011 03 11 23 19 00 2 4431.952
2011 03 11 23 18 00 2 4431.949
2011 03 11 23 17 00 2 4431.942
2011 03 11 23 16 00 2 4431.932
2011 03 11 23 15 00 2 4431.931
2011 03 11 23 14 00 2 4431.919
2011 03 11 23 13 00 2 4431.919
2011 03 11 23 12 00 2 4431.927
2011 03 11 23 11 00 2 4431.927
2011 03 11 23 10 00 2 4431.919
2011 03 11 23 09 00 2 4431.909
2011 03 11 23 08 00 2 4431.916
2011 03 11 23 07 00 2 4431.919
2011 03 11 23 06 00 2 4431.916
2011 03 11 23 05 00 2 4431.914
2011 03 11 23 04 00 2 4431.900
2011 03 11 23 03 00 2 4431.884
2011 03 11 23 02 00 2 4431.886
2011 03 11 23 01 00 2 4431.893
2011 03 11 23 00 00 2 4431.879
2011 03 11 22 59 00 2 4431.872
2011 03 11 22 58 00 2 4431.876
2011 03 11 22 57 00 2 4431.885
2011 03 11 22 56 00 2 4431.895
2011 03 11 22 55 00 2 4431.892
2011 03 11 22 54 00 2 4431.898
2011 03 11 22 53 00 2 4431.907
2011 03 11 22 52 00 2 4431.919
2011 03 11 22 51 00 2 4431.923
2011 03 11 22 50 00 2 4431.915
2011 03 11 22 49 00 2 4431.909
2011 03 11 22 48 00 2 4431.913
2011 03 11 22 47 00 2 4431.905
2011 03 11 22 46 00 2 4431.906
2011 03 11 22 45 00 2 4431.909
2011 03 11 22 44 00 2 4431.904
2011 03 11 22 43 00 2 4431.904
2011 03 11 22 42 00 2 4431.900
2011 03 11 22 41 00 2 4431.916
2011 03 11 22 40 00 2 4431.921
2011 03 11 22 39 00 2 4431.912
2011 03 11 22 38 00 2 4431.911
2011 03 11 22 37 00 2 4431.911
2011 03 11 22 36 00 2 4431.918
2011 03 11 22 35 00 2 4431.911
2011 03 11 22 34 00 2 4431.904
2011 03 11 22 33 00 2 4431.903
2011 03 11 22 32 00 2 4431.913
2011 03 11 22 31 00 2 4431.907
2011 03 11 22 30 00 2 4431.902
2011 03 11 22 29 00 2 4431.913
2011 03 11 22 28 00 2 4431.915
2011 03 11 22 27 00 2 4431.906
2011 03 11 22 26 00 2 4431.895
2011 03 11 22 25 00 2 4431.887
2011 03 11 22 24 00 2 4431.891
2011 03 11 22 23 00 2 4431.902
2011 03 11 22 22 00 2 4431.907
2011 03 11 22 21 00 2 4431.903
2011 03 11 22 20 00 2 4431.900
2011 03 11 22 19 00 2 4431.897
2011 03 11 22 18 00 2 4431.884
2011 03 11 22 17 00 2 4431.878
2011 03 11 22 16 00 2 4431.884
2011 03 11 22 15 00 2 4431.879
2011 03 11 22 14 00 2 4431.861
2011 03 11 22 13 00 2 4431.854
2011 03 11 22 12 00 2 4431.847
2011 03 11 22 11 00 2 4431.853
2011 03 11 22 10 00 2 4431.863
2011 03 11 22 09 00 2 4431.853
2011 03 11 22 08 00 2 4431.829
2011 03 11 22 07 00 2 4431.822
2011 03 11 22 06 00 2 4431.832
2011 03 11 22 05 00 2 4431.840
2011 03 11 22 04 00 2 4431.852
2011 03 11 22 03 00 2 4431.853
2011 03 11 22 02 00 2 4431.844
2011 03 11 22 01 00 2 4431.844
2011 03 11 22 00 00 2 4431.858
2011 03 11 21 59 00 2 4431.868
2011 03 11 21 58 00 2 4431.863
2011 03 11 21 57 00 2 4431.872
2011 03 11 21 56 00 2 4431.880
2011 03 11 21 55 00 2 4431.882
2011 03 11 21 54 00 2 4431.871
2011 03 11 21 53 00 2 4431.865
2011 03 11 21 52 00 2 4431.877
2011 03 11 21 51 00 2 4431.907
2011 03 11 21 50 00 2 4431.910
2011 03 11 21 49 00 2 4431.897
2011 03 11 21 48 00 2 4431.904
2011 03 11 21 47 00 2 4431.902
2011 03 11 21 46 00 2 4431.899
2011 03 11 21 45 00 2 4431.906
2011 03 11 21 44 00 2 4431.896
2011 03 11 21 43 00 2 4431.893
2011 03 11 21 42 00 2 4431.894
2011 03 11 21 41 00 2 4431.899
2011 03 11 21 40 00 2 4431.904
2011 03 11 21 39 00 2 4431.912
2011 03 11 21 38 00 2 4431.911
2011 03 11 21 37 00 2 4431.910
2011 03 11 21 36 00 2 4431.905
2011 03 11 21 35 00 2 4431.894
2011 03 11 21 34 00 2 4431.894
2011 03 11 21 33 00 2 4431.895
2011 03 11 21 32 00 2 4431.892
2011 03 11 21 31 00 2 4431.886
2011 03 11 21 30 00 2 4431.875
2011 03 11 21 29 00 2 4431.871
2011 03 11 21 28 00 2 4431.872
2011 03 11 21 27 00 2 4431.871
2011 03 11 21 26 00 2 4431.872
2011 03 11 21 25 00 2 4431.876
2011 03 11 21 24 00 2 4431.883
2011 03 11 21 23 00 2 4431.890
2011 03 11 21 22 00 2 4431.894
2011 03 11 21 21 00 2 4431.874
2011 03 11 21 20 00 2 4431.857
2011 03 11 21 19 00 2 4431.855
2011 03 11 21 18 00 2 4431.860
2011 03 11 21 17 00 2 4431.871
2011 03 11 21 16 00 2 4431.868
2011 03 11 21 15 00 2 4431.853
2011 03 11 21 14 00 2 4431.843
2011 03 11 21 13 00 2 4431.845
2011 03 11 21 12 00 2 4431.861
2011 03 11 21 11 00 2 4431.860
2011 03 11 21 10 00 2 4431.849
2011 03 11 21 09 00 2 4431.847
2011 03 11 21 08 00 2 4431.849
2011 03 11 21 07 00 2 4431.861
2011 03 11 21 06 00 2 4431.864
2011 03 11 21 05 00 2 4431.850
2011 03 11 21 04 00 2 4431.857
2011 03 11 21 03 00 2 4431.867
2011 03 11 21 02 00 2 4431.867
2011 03 11 21 01 00 2 4431.874
2011 03 11 21 00 00 2 4431.883
2011 03 11 20 59 00 2 4431.891
2011 03 11 20 58 00 2 4431.888
2011 03 11 20 57 00 2 4431.881
2011 03 11 20 56 00 2 4431.878
2011 03 11 20 55 00 2 4431.871
2011 03 11 20 54 00 2 4431.863
2011 03 11 20 53 00 2 4431.867
2011 03 11 20 52 00 2 4431.865
2011 03 11 20 51 00 2 4431.865
2011 03 11 20 50 00 2 4431.865
2011 03 11 20 49 00 2 4431.853
2011 03 11 20 48 00 2 4431.847
2011 03 11 20 47 00 2 4431.855
2011 03 11 20 46 00 2 4431.859
2011 03 11 20 45 00 2 4431.839
2011 03 11 20 44 00 2 4431.832
2011 03 11 20 43 00 2 4431.836
2011 03 11 20 42 00 2 4431.837
2011 03 11 20 41 00 2 4431.835
2011 03 11 20 40 00 2 4431.845
2011 03 11 20 39 00 2 4431.857
2011 03 11 20 38 00 2 4431.873
2011 03 11 20 37 00 2 4431.883
2011 03 11 20 36 00 2 4431.886
2011 03 11 20 35 00 2 4431.876
2011 03 11 20 34 00 2 4431.863
2011 03 11 20 33 00 2 4431.854
2011 03 11 20 32 00 2 4431.854
2011 03 11 20 31 00 2 4431.866
2011 03 11 20 30 00 2 4431.874
2011 03 11 20 29 00 2 4431.880
2011 03 11 20 28 00 2 4431.881
2011 03 11 20 27 00 2 4431.860
2011 03 11 20 26 00 2 4431.855
2011 03 11 20 25 00 2 4431.859
2011 03 11 20 24 00 2 4431.856
2011 03 11 20 23 00 2 4431.856
2011 03 11 20 22 00 2 4431.851
2011 03 11 20 21 00 2 4431.834
2011 03 11 20 20 00 2 4431.821
2011 03 11 20 19 00 2 4431.827
2011 03 11 20 18 00 2 4431.841
2011 03 11 20 17 00 2 4431.845
2011 03 11 20 16 00 2 4431.847
2011 03 11 20 15 00 2 4431.848
2011 03 11 20 14 00 2 4431.856
2011 03 11 20 13 00 2 4431.861
2011 03 11 20 12 00 2 4431.847
2011 03 11 20 11 00 2 4431.859
2011 03 11 20 10 00 2 4431.873
2011 03 11 20 09 00 2 4431.860
2011 03 11 20 08 00 2 4431.853
2011 03 11 20 07 00 2 4431.857
2011 03 11 20 06 00 2 4431.861
2011 03 11 20 05 00 2 4431.866
2011 03 11 20 04 00 2 4431.865
2011 03 11 20 03 00 2 4431.860
2011 03 11 20 02 00 2 4431.855
2011 03 11 20 01 00 2 4431.853
2011 03 11 20 00 00 2 4431.859
2011 03 11 19 59 00 2 4431.862
2011 03 11 19 58 00 2 4431.861
2011 03 11 19 57 00 2 4431.848
2011 03 11 19 56 00 2 4431.844
2011 03 11 19 55 00 2 4431.846
2011 03 11 19 54 00 2 4431.830
2011 03 11 19 53 00 2 4431.832
2011 03 11 19 52 00 2 4431.844
2011 03 11 19 51 00 2 4431.837
2011 03 11 19 50 00 2 4431.833
2011 03 11 19 49 00 2 4431.836
2011 03 11 19 48 00 2 4431.829
2011 03 11 19 47 00 2 4431.820
2011 03 11 19 46 00 2 4431.821
2011 03 11 19 45 00 2 4431.821
2011 03 11 19 44 00 2 4431.815
2011 03 11 19 43 00 2 4431.805
2011 03 11 19 42 00 2 4431.796
2011 03 11 19 41 00 2 4431.799
2011 03 11 19 40 00 2 4431.803
2011 03 11 19 39 00 2 4431.811
2011 03 11 19 38 00 2 4431.818
2011 03 11 19 37 00 2 4431.808
2011 03 11 19 36 00 2 4431.800
2011 03 11 19 35 00 2 4431.808
2011 03 11 19 34 00 2 4431.817
2011 03 11 19 33 00 2 4431.816
2011 03 11 19 32 00 2 4431.828
2011 03 11 19 31 00 2 4431.848
2011 03 11 19 30 00 2 4431.854
2011 03 11 19 29 00 2 4431.843
2011 03 11 19 28 00 2 4431.835
2011 03 11 19 27 00 2 4431.830
2011 03 11 19 26 00 2 4431.823
2011 03 11 19 25 00 2 4431.823
2011 03 11 19 24 00 2 4431.831
2011 03 11 19 23 00 2 4431.836
2011 03 11 19 22 00 2 4431.834
2011 03 11 19 21 00 2 4431.834
2011 03 11 19 20 00 2 4431.837
2011 03 11 19 19 00 2 4431.848
2011 03 11 19 18 00 2 4431.859
2011 03 11 19 17 00 2 4431.865
2011 03 11 19 16 00 2 4431.869
2011 03 11 19 15 00 2 4431.878
2011 03 11 19 14 00 2 4431.882
2011 03 11 19 13 00 2 4431.878
2011 03 11 19 12 00 2 4431.889
2011 03 11 19 11 00 2 4431.889
2011 03 11 19 10 00 2 4431.900
2011 03 11 19 09 00 2 4431.908
2011 03 11 19 08 00 2 4431.915
2011 03 11 19 07 00 2 4431.926
2011 03 11 19 06 00 2 4431.934
2011 03 11 19 05 00 2 4431.937
2011 03 11 19 04 00 2 4431.934
2011 03 11 19 03 00 2 4431.938
2011 03 11 19 02 00 2 4431.936
2011 03 11 19 01 00 2 4431.928
2011 03 11 19 00 00 2 4431.919
2011 03 11 18 59 00 2 4431.906
2011 03 11 18 58 00 2 4431.906
2011 03 11 18 57 00 2 4431.902
2011 03 11 18 56 00 2 4431.895
2011 03 11 18 55 00 2 4431.885
2011 03 11 18 54 00 2 4431.863
2011 03 11 18 53 00 2 4431.851
2011 03 11 18 52 00 2 4431.855
2011 03 11 18 51 00 2 4431.865
2011 03 11 18 50 00 2 4431.865
2011 03 11 18 49 00 2 4431.869
2011 03 11 18 48 00 2 4431.870
2011 03 11 18 47 00 2 4431.882
2011 03 11 18 46 00 2 4431.889
2011 03 11 18 45 00 2 4431.880
2011 03 11 18 44 00 2 4431.886
2011 03 11 18 43 00 2 4431.875
2011 03 11 18 42 00 2 4431.863
2011 03 11 18 41 00 2 4431.864
2011 03 11 18 40 00 2 4431.864
2011 03 11 18 39 00 2 4431.856
2011 03 11 18 38 00 2 4431.846
2011 03 11 18 37 00 2 4431.839
2011 03 11 18 36 00 2 4431.840
2011 03 11 18 35 00 2 4431.847
2011 03 11 18 34 00 2 4431.852
2011 03 11 18 33 00 2 4431.854
2011 03 11 18 32 00 2 4431.863
2011 03 11 18 31 00 2 4431.854
2011 03 11 18 30 00 2 4431.853
2011 03 11 18 29 00 2 4431.860
2011 03 11 18 28 00 2 4431.847
2011 03 11 18 27 00 2 4431.840
2011 03 11 18 26 00 2 4431.845
2011 03 11 18 25 00 2 4431.836
2011 03 11 18 24 00 2 4431.829
2011 03 11 18 23 00 2 4431.839
2011 03 11 18 22 00 2 4431.834
2011 03 11 18 21 00 2 4431.829
2011 03 11 18 20 00 2 4431.849
2011 03 11 18 19 00 2 4431.843
2011 03 11 18 18 00 2 4431.832
2011 03 11 18 17 00 2 4431.831
2011 03 11 18 16 00 2 4431.841
2011 03 11 18 15 00 2 4431.841
2011 03 11 18 14 00 2 4431.830
2011 03 11 18 13 00 2 4431.828
2011 03 11 18 12 00 2 4431.829
2011 03 11 18 11 00 2 4431.833
2011 03 11 18 10 00 2 4431.837
2011 03 11 18 09 00 2 4431.852
2011 03 11 18 08 00 2 4431.874
2011 03 11 18 07 00 2 4431.893
2011 03 11 18 06 00 2 4431.906
2011 03 11 18 05 00 2 4431.926
2011 03 11 18 04 00 2 4431.943
2011 03 11 18 03 00 2 4431.944
2011 03 11 18 02 00 2 4431.943
2011 03 11 18 01 00 2 4431.943
2011 03 11 18 00 00 2 4431.952
2011 03 11 17 59 00 2 4431.963
2011 03 11 17 58 00 2 4431.946
2011 03 11 17 57 00 2 4431.914
2011 03 11 17 56 00 2 4431.884
2011 03 11 17 55 00 2 4431.876
2011 03 11 17 54 00 2 4431.877
2011 03 11 17 53 00 2 4431.863
2011 03 11 17 52 00 2 4431.860
2011 03 11 17 51 00 2 4431.866
2011 03 11 17 50 00 2 4431.875
2011 03 11 17 49 00 2 4431.870
2011 03 11 17 48 00 2 4431.871
2011 03 11 17 47 00 2 4431.870
2011 03 11 17 46 00 2 4431.867
2011 03 11 17 45 00 2 4431.869
2011 03 11 17 44 00 2 4431.884
2011 03 11 17 43 00 2 4431.902
2011 03 11 17 42 00 2 4431.901
2011 03 11 17 41 00 2 4431.891
2011 03 11 17 40 00 2 4431.892
2011 03 11 17 39 00 2 4431.907
2011 03 11 17 38 00 2 4431.896
2011 03 11 17 37 00 2 4431.882
2011 03 11 17 36 00 2 4431.899
2011 03 11 17 35 00 2 4431.913
2011 03 11 17 34 00 2 4431.921
2011 03 11 17 33 00 2 4431.917
2011 03 11 17 32 00 2 4431.909
2011 03 11 17 31 00 2 4431.910
2011 03 11 17 30 00 2 4431.906
2011 03 11 17 29 00 2 4431.900
2011 03 11 17 28 00 2 4431.891
2011 03 11 17 27 00 2 4431.885
2011 03 11 17 26 00 2 4431.880
2011 03 11 17 25 00 2 4431.873
2011 03 11 17 24 00 2 4431.873
2011 03 11 17 23 00 2 4431.866
2011 03 11 17 22 00 2 4431.871
2011 03 11 17 21 00 2 4431.875
2011 03 11 17 20 00 2 4431.879
2011 03 11 17 19 00 2 4431.891
2011 03 11 17 18 00 2 4431.889
2011 03 11 17 17 00 2 4431.896
2011 03 11 17 16 00 2 4431.900
2011 03 11 17 15 00 2 4431.885
2011 03 11 17 14 00 2 4431.883
2011 03 11 17 13 00 2 4431.877
2011 03 11 17 12 00 2 4431.865
2011 03 11 17 11 00 2 4431.864
2011 03 11 17 10 00 2 4431.862
2011 03 11 17 09 00 2 4431.842
2011 03 11 17 08 00 2 4431.828
2011 03 11 17 07 00 2 4431.819
2011 03 11 17 06 00 2 4431.825
2011 03 11 17 05 00 2 4431.833
2011 03 11 17 04 00 2 4431.836
2011 03 11 17 03 00 2 4431.828
2011 03 11 17 02 00 2 4431.815
2011 03 11 17 01 00 2 4431.824
2011 03 11 17 00 00 2 4431.835
2011 03 11 16 59 00 2 4431.849
2011 03 11 16 58 00 2 4431.861
2011 03 11 16 57 00 2 4431.870
2011 03 11 16 56 00 2 4431.875
2011 03 11 16 55 00 2 4431.886
2011 03 11 16 54 00 2 4431.906
2011 03 11 16 53 00 2 4431.901
2011 03 11 16 52 00 2 4431.894
2011 03 11 16 51 00 2 4431.889
2011 03 11 16 50 00 2 4431.894
2011 03 11 16 49 00 2 4431.896
2011 03 11 16 48 00 2 4431.887
2011 03 11 16 47 00 2 4431.882
2011 03 11 16 46 00 2 4431.881
2011 03 11 16 45 00 2 4431.890
2011 03 11 16 44 00 2 4431.891
2011 03 11 16 43 00 2 4431.890
2011 03 11 16 42 00 2 4431.880
2011 03 11 16 41 00 2 4431.881
2011 03 11 16 40 00 2 4431.882
2011 03 11 16 39 00 2 4431.875
2011 03 11 16 38 00 2 4431.888
2011 03 11 16 37 00 2 4431.906
2011 03 11 16 36 00 2 4431.906
2011 03 11 16 35 00 2 4431.909
2011 03 11 16 34 00 2 4431.924
2011 03 11 16 33 00 2 4431.928
2011 03 11 16 32 00 2 4431.917
2011 03 11 16 31 00 2 4431.913
2011 03 11 16 30 00 2 4431.924
2011 03 11 16 29 00 2 4431.928
2011 03 11 16 28 00 2 4431.927
2011 03 11 16 27 00 2 4431.914
2011 03 11 16 26 00 2 4431.894
2011 03 11 16 25 00 2 4431.886
2011 03 11 16 24 00 2 4431.887
2011 03 11 16 23 00 2 4431.898
2011 03 11 16 22 00 2 4431.890
2011 03 11 16 21 00 2 4431.883
2011 03 11 16 20 00 2 4431.889
2011 03 11 16 19 00 2 4431.903
2011 03 11 16 18 00 2 4431.903
2011 03 11 16 17 00 2 4431.913
2011 03 11 16 16 00 2 4431.912
2011 03 11 16 15 00 2 4431.902
2011 03 11 16 14 00 2 4431.903
2011 03 11 16 13 00 2 4431.900
2011 03 11 16 12 00 2 4431.899
2011 03 11 16 11 00 2 4431.889
2011 03 11 16 10 00 2 4431.872
2011 03 11 16 09 00 2 4431.873
2011 03 11 16 08 00 2 4431.883
2011 03 11 16 07 00 2 4431.878
2011 03 11 16 06 00 2 4431.866
2011 03 11 16 05 00 2 4431.869
2011 03 11 16 04 00 2 4431.864
2011 03 11 16 03 00 2 4431.851
2011 03 11 16 02 00 2 4431.843
2011 03 11 16 01 00 2 4431.835
2011 03 11 16 00 00 2 4431.833
2011 03 11 15 59 00 2 4431.830
2011 03 11 15 58 00 2 4431.831
2011 03 11 15 57 00 2 4431.826
2011 03 11 15 56 00 2 4431.825
2011 03 11 15 55 00 2 4431.824
2011 03 11 15 54 00 2 4431.832
2011 03 11 15 53 00 2 4431.840
2011 03 11 15 52 00 2 4431.832
2011 03 11 15 51 00 2 4431.842
2011 03 11 15 50 00 2 4431.856
2011 03 11 15 49 00 2 4431.873
2011 03 11 15 48 00 2 4431.888
2011 03 11 15 47 00 2 4431.892
2011 03 11 15 46 00 2 4431.880
2011 03 11 15 45 00 2 4431.865
2011 03 11 15 44 00 2 4431.857
2011 03 11 15 43 00 2 4431.853
2011 03 11 15 42 00 2 4431.857
2011 03 11 15 41 00 2 4431.869
2011 03 11 15 40 00 2 4431.890
2011 03 11 15 39 00 2 4431.897
2011 03 11 15 38 00 2 4431.891
2011 03 11 15 37 00 2 4431.894
2011 03 11 15 36 00 2 4431.897
2011 03 11 15 35 00 2 4431.902
2011 03 11 15 34 00 2 4431.916
2011 03 11 15 33 00 2 4431.908
2011 03 11 15 32 00 2 4431.900
2011 03 11 15 31 00 2 4431.900
2011 03 11 15 30 00 2 4431.897
2011 03 11 15 29 00 2 4431.906
2011 03 11 15 28 00 2 4431.917
2011 03 11 15 27 00 2 4431.921
2011 03 11 15 26 00 2 4431.920
2011 03 11 15 25 00 2 4431.919
2011 03 11 15 24 00 2 4431.905
2011 03 11 15 23 00 2 4431.892
2011 03 11 15 22 00 2 4431.889
2011 03 11 15 21 00 2 4431.882
2011 03 11 15 20 00 2 4431.876
2011 03 11 15 19 00 2 4431.876
2011 03 11 15 18 00 2 4431.871
2011 03 11 15 17 00 2 4431.872
2011 03 11 15 16 00 2 4431.877
2011 03 11 15 15 00 2 4431.876
2011 03 11 15 14 00 2 4431.874
2011 03 11 15 13 00 2 4431.879
2011 03 11 15 12 00 2 4431.871
2011 03 11 15 11 00 2 4431.857
2011 03 11 15 10 00 2 4431.840
2011 03 11 15 09 00 2 4431.819
2011 03 11 15 08 00 2 4431.800
2011 03 11 15 07 00 2 4431.787
2011 03 11 15 06 00 2 4431.768
2011 03 11 15 05 00 2 4431.757
2011 03 11 15 04 00 2 4431.760
2011 03 11 15 03 00 2 4431.757
2011 03 11 15 02 00 2 4431.766
2011 03 11 15 01 00 2 4431.779
2011 03 11 15 00 00 2 4431.793
2011 03 11 14 59 00 2 4431.805
2011 03 11 14 58 00 2 4431.818
2011 03 11 14 57 00 2 4431.827
2011 03 11 14 56 00 2 4431.833
2011 03 11 14 55 00 2 4431.828
2011 03 11 14 54 00 2 4431.825
2011 03 11 14 53 00 2 4431.851
2011 03 11 14 52 00 2 4431.869
2011 03 11 14 51 00 2 4431.875
2011 03 11 14 50 00 2 4431.881
2011 03 11 14 49 00 2 4431.876
2011 03 11 14 48 00 2 4431.873
2011 03 11 14 47 00 2 4431.871
2011 03 11 14 46 00 2 4431.878
2011 03 11 14 45 00 2 4431.880
2011 03 11 14 44 00 2 4431.872
2011 03 11 14 43 00 2 4431.879
2011 03 11 14 42 00 2 4431.879
2011 03 11 14 41 00 2 4431.875
2011 03 11 14 40 00 2 4431.884
2011 03 11 14 39 00 2 4431.883
2011 03 11 14 38 00 2 4431.875
2011 03 11 14 37 00 2 4431.876
2011 03 11 14 36 00 2 4431.881
2011 03 11 14 35 00 2 4431.882
2011 03 11 14 34 00 2 4431.880
2011 03 11 14 33 00 2 4431.893
2011 03 11 14 32 00 2 4431.898
2011 03 11 14 31 00 2 4431.900
2011 03 11 14 30 00 2 4431.899
2011 03 11 14 29 00 2 4431.893
2011 03 11 14 28 00 2 4431.901
2011 03 11 14 27 00 2 4431.899
2011 03 11 14 26 00 2 4431.896
2011 03 11 14 25 00 2 4431.889
2011 03 11 14 24 00 2 4431.873
2011 03 11 14 23 00 2 4431.869
2011 03 11 14 22 00 2 4431.872
2011 03 11 14 21 00 2 4431.853
2011 03 11 14 20 00 2 4431.825
2011 03 11 14 19 00 2 4431.813
2011 03 11 14 18 00 2 4431.806
2011 03 11 14 17 00 2 4431.807
2011 03 11 14 16 00 2 4431.805
2011 03 11 14 15 00 2 4431.796
2011 03 11 14 14 00 2 4431.802
2011 03 11 14 13 00 2 4431.807
2011 03 11 14 12 00 2 4431.802
2011 03 11 14 11 00 2 4431.796
2011 03 11 14 10 00 2 4431.782
2011 03 11 14 09 00 2 4431.781
2011 03 11 14 08 00 2 4431.776
2011 03 11 14 07 00 2 4431.757
2011 03 11 14 06 00 2 4431.751
2011 03 11 14 05 00 2 4431.742
2011 03 11 14 04 00 2 4431.729
2011 03 11 14 03 00 2 4431.731
2011 03 11 14 02 00 2 4431.721
2011 03 11 14 01 00 2 4431.711
2011 03 11 14 00 00 2 4431.714
2011 03 11 13 59 00 2 4431.717
2011 03 11 13 58 00 2 4431.727
2011 03 11 13 57 00 2 4431.732
2011 03 11 13 56 00 2 4431.726
2011 03 11 13 55 00 2 4431.725
2011 03 11 13 54 00 2 4431.730
2011 03 11 13 53 00 2 4431.733
2011 03 11 13 52 00 2 4431.739
2011 03 11 13 51 00 2 4431.736
2011 03 11 13 50 00 2 4431.724
2011 03 11 13 49 00 2 4431.728
2011 03 11 13 48 00 2 4431.735
2011 03 11 13 47 00 2 4431.734
2011 03 11 13 46 00 2 4431.731
2011 03 11 13 45 00 2 4431.728
2011 03 11 13 44 00 2 4431.720
2011 03 11 13 43 00 2 4431.713
2011 03 11 13 42 00 2 4431.719
2011 03 11 13 41 00 2 4431.735
2011 03 11 13 40 00 2 4431.750
2011 03 11 13 39 00 2 4431.757
2011 03 11 13 38 00 2 4431.763
2011 03 11 13 37 00 2 4431.771
2011 03 11 13 36 00 2 4431.780
2011 03 11 13 35 00 2 4431.792
2011 03 11 13 34 00 2 4431.806
2011 03 11 13 33 00 2 4431.830
2011 03 11 13 32 00 2 4431.852
2011 03 11 13 31 00 2 4431.861
2011 03 11 13 30 00 2 4431.871
2011 03 11 13 29 00 2 4431.887
2011 03 11 13 28 00 2 4431.890
2011 03 11 13 27 00 2 4431.892
2011 03 11 13 26 00 2 4431.893
2011 03 11 13 25 00 2 4431.881
2011 03 11 13 24 00 2 4431.866
2011 03 11 13 23 00 2 4431.860
2011 03 11 13 22 00 2 4431.849
2011 03 11 13 21 00 2 4431.832
2011 03 11 13 20 00 2 4431.819
2011 03 11 13 19 00 2 4431.815
2011 03 11 13 18 00 2 4431.821
2011 03 11 13 17 00 2 4431.823
2011 03 11 13 16 00 2 4431.819
2011 03 11 13 15 00 2 4431.813
2011 03 11 13 14 00 2 4431.807
2011 03 11 13 13 00 2 4431.800
2011 03 11 13 12 00 2 4431.784
2011 03 11 13 11 00 2 4431.762
2011 03 11 13 10 00 2 4431.744
2011 03 11 13 09 00 2 4431.731
2011 03 11 13 08 00 2 4431.719
2011 03 11 13 07 00 2 4431.703
2011 03 11 13 06 00 2 4431.692
2011 03 11 13 05 00 2 4431.679
2011 03 11 13 04 00 2 4431.667
2011 03 11 13 03 00 2 4431.663
2011 03 11 13 02 00 2 4431.663
2011 03 11 13 01 00 2 4431.663
2011 03 11 13 00 00 2 4431.671
2011 03 11 12 59 00 2 4431.679
2011 03 11 12 58 00 2 4431.680
2011 03 11 12 57 00 2 4431.684
2011 03 11 12 56 00 2 4431.692
2011 03 11 12 55 00 2 4431.691
2011 03 11 12 54 00 2 4431.684
2011 03 11 12 53 00 2 4431.687
2011 03 11 12 52 00 2 4431.692
2011 03 11 12 51 00 2 4431.688
2011 03 11 12 50 00 2 4431.681
2011 03 11 12 49 00 2 4431.679
2011 03 11 12 48 00 2 4431.686
2011 03 11 12 47 00 2 4431.691
2011 03 11 12 46 00 2 4431.697
2011 03 11 12 45 00 2 4431.701
2011 03 11 12 44 00 2 4431.706
2011 03 11 12 43 00 2 4431.719
2011 03 11 12 42 00 2 4431.731
2011 03 11 12 41 00 2 4431.737
2011 03 11 12 40 00 2 4431.741
2011 03 11 12 39 00 2 4431.744
2011 03 11 12 38 00 2 4431.739
2011 03 11 12 37 00 2 4431.725
2011 03 11 12 36 00 2 4431.715
2011 03 11 12 35 00 2 4431.712
2011 03 11 12 34 00 2 4431.709
2011 03 11 12 33 00 2 4431.699
2011 03 11 12 32 00 2 4431.690
2011 03 11 12 31 00 2 4431.688
2011 03 11 12 30 00 2 4431.682
2011 03 11 12 29 00 2 4431.673
2011 03 11 12 28 00 2 4431.667
2011 03 11 12 27 00 2 4431.662
2011 03 11 12 26 00 2 4431.656
2011 03 11 12 25 00 2 4431.650
2011 03 11 12 24 00 2 4431.645
2011 03 11 12 23 00 2 4431.641
2011 03 11 12 22 00 2 4431.638
2011 03 11 12 21 00 2 4431.635
2011 03 11 12 20 00 2 4431.630
2011 03 11 12 19 00 2 4431.630
2011 03 11 12 18 00 2 4431.632
2011 03 11 12 17 00 2 4431.632
2011 03 11 12 16 00 2 4431.630
2011 03 11 12 15 00 2 4431.639
2011 03 11 12 14 00 2 4431.645
2011 03 11 12 13 00 2 4431.645
2011 03 11 12 12 00 2 4431.647
2011 03 11 12 11 00 2 4431.657
2011 03 11 12 10 00 2 4431.663
2011 03 11 12 09 00 2 4431.665
2011 03 11 12 08 00 2 4431.668
2011 03 11 12 07 00 2 4431.668
2011 03 11 12 06 00 2 4431.664
2011 03 11 12 05 00 2 4431.658
2011 03 11 12 04 00 2 4431.654
2011 03 11 12 03 00 2 4431.656
2011 03 11 12 02 00 2 4431.657
2011 03 11 12 01 00 2 4431.652
2011 03 11 12 00 00 2 4431.645
2011 03 11 11 59 00 2 4431.640
2011 03 11 11 58 00 2 4431.634
2011 03 11 11 57 00 2 4431.624
2011 03 11 11 56 00 2 4431.608
2011 03 11 11 55 00 2 4431.597
2011 03 11 11 54 00 2 4431.593
2011 03 11 11 53 00 2 4431.596
2011 03 11 11 52 00 2 4431.601
2011 03 11 11 51 00 2 4431.602
2011 03 11 11 50 00 2 4431.604
2011 03 11 11 49 00 2 4431.608
2011 03 11 11 48 00 2 4431.616
2011 03 11 11 47 00 2 4431.620
2011 03 11 11 46 00 2 4431.617
2011 03 11 11 45 00 2 4431.607
2011 03 11 11 44 00 2 4431.589
2011 03 11 11 43 00 2 4431.569
2011 03 11 11 42 00 2 4431.555
2011 03 11 11 41 00 2 4431.544
2011 03 11 11 40 00 2 4431.530
2011 03 11 11 39 00 2 4431.514
2011 03 11 11 38 00 2 4431.501
2011 03 11 11 37 00 2 4431.495
2011 03 11 11 36 00 2 4431.491
2011 03 11 11 35 00 2 4431.490
2011 03 11 11 34 00 2 4431.493
2011 03 11 11 33 00 2 4431.501
2011 03 11 11 32 00 2 4431.509
2011 03 11 11 31 00 2 4431.511
2011 03 11 11 30 00 2 4431.514
2011 03 11 11 29 00 2 4431.525
2011 03 11 11 28 00 2 4431.537
2011 03 11 11 27 00 2 4431.553
2011 03 11 11 26 00 2 4431.571
2011 03 11 11 25 00 2 4431.582
2011 03 11 11 24 00 2 4431.590
2011 03 11 11 23 00 2 4431.595
2011 03 11 11 22 00 2 4431.593
2011 03 11 11 21 00 2 4431.588
2011 03 11 11 20 00 2 4431.577
2011 03 11 11 19 00 2 4431.562
2011 03 11 11 18 00 2 4431.552
2011 03 11 11 17 00 2 4431.545
2011 03 11 11 16 00 2 4431.531
2011 03 11 11 15 00 2 4431.512
2011 03 11 11 14 00 2 4431.495
2011 03 11 11 13 00 2 4431.481
2011 03 11 11 12 00 2 4431.472
2011 03 11 11 11 00 2 4431.470
2011 03 11 11 10 00 2 4431.469
2011 03 11 11 09 00 2 4431.470
2011 03 11 11 08 00 2 4431.478
2011 03 11 11 07 15 3 4431.497
2011 03 11 11 07 00 3 4431.503
2011 03 11 11 07 00 2 4431.495
2011 03 11 11 06 45 3 4431.509
2011 03 11 11 06 30 3 4431.516
2011 03 11 11 06 15 3 4431.523
2011 03 11 11 06 00 3 4431.528
2011 03 11 11 06 00 2 4431.519
2011 03 11 11 05 45 3 4431.534
2011 03 11 11 05 30 3 4431.540
2011 03 11 11 05 15 3 4431.546
2011 03 11 11 05 00 3 4431.552
2011 03 11 11 05 00 2 4431.543
2011 03 11 11 04 45 3 4431.557
2011 03 11 11 04 30 3 4431.562
2011 03 11 11 04 15 3 4431.567
2011 03 11 11 04 00 3 4431.571
2011 03 11 11 04 00 2 4431.564
2011 03 11 11 03 45 3 4431.576
2011 03 11 11 03 30 3 4431.580
2011 03 11 11 03 00 2 4431.583
2011 03 11 11 02 00 2 4431.600
2011 03 11 11 01 15 3 4431.618
2011 03 11 11 01 00 3 4431.621
2011 03 11 11 01 00 2 4431.616
2011 03 11 11 00 45 3 4431.624
2011 03 11 11 00 30 3 4431.629
2011 03 11 11 00 00 2 4431.631
2011 03 11 11 00 00 1 4431.637
2011 03 11 10 59 00 2 4431.645
2011 03 11 10 58 00 2 4431.650
2011 03 11 10 57 00 2 4431.649
2011 03 11 10 56 00 2 4431.645
2011 03 11 10 55 00 2 4431.636
2011 03 11 10 54 00 2 4431.627
2011 03 11 10 53 00 2 4431.617
2011 03 11 10 52 00 2 4431.604
2011 03 11 10 51 00 2 4431.594
2011 03 11 10 50 00 2 4431.585
2011 03 11 10 49 00 2 4431.582
2011 03 11 10 48 00 2 4431.574
2011 03 11 10 47 00 2 4431.570
2011 03 11 10 46 00 2 4431.570
2011 03 11 10 45 00 2 4431.568
2011 03 11 10 45 00 1 4431.567
2011 03 11 10 44 00 2 4431.567
2011 03 11 10 43 00 2 4431.566
2011 03 11 10 42 00 2 4431.563
2011 03 11 10 41 00 2 4431.559
2011 03 11 10 40 00 2 4431.555
2011 03 11 10 39 00 2 4431.550
2011 03 11 10 38 00 2 4431.541
2011 03 11 10 37 00 2 4431.533
2011 03 11 10 36 00 2 4431.527
2011 03 11 10 35 00 2 4431.518
2011 03 11 10 34 00 2 4431.511
2011 03 11 10 33 00 2 4431.505
2011 03 11 10 32 00 2 4431.497
2011 03 11 10 31 00 2 4431.490
2011 03 11 10 30 00 2 4431.486
2011 03 11 10 30 00 1 4431.484
2011 03 11 10 29 00 2 4431.482
2011 03 11 10 28 00 2 4431.481
2011 03 11 10 27 00 2 4431.479
2011 03 11 10 26 00 2 4431.475
2011 03 11 10 25 00 2 4431.471
2011 03 11 10 24 00 2 4431.470
2011 03 11 10 23 00 2 4431.471
2011 03 11 10 22 00 2 4431.471
2011 03 11 10 21 00 2 4431.469
2011 03 11 10 20 00 2 4431.469
2011 03 11 10 19 00 2 4431.465
2011 03 11 10 18 00 2 4431.466
2011 03 11 10 17 00 2 4431.467
2011 03 11 10 16 00 2 4431.465
2011 03 11 10 15 00 2 4431.463
2011 03 11 10 15 00 1 4431.464
2011 03 11 10 14 00 2 4431.463
2011 03 11 10 13 00 2 4431.462
2011 03 11 10 12 00 2 4431.463
2011 03 11 10 11 00 2 4431.463
2011 03 11 10 10 00 2 4431.458
2011 03 11 10 09 00 2 4431.457
2011 03 11 10 08 00 2 4431.457
2011 03 11 10 07 00 2 4431.457
2011 03 11 10 06 00 2 4431.454
2011 03 11 10 05 00 2 4431.454
2011 03 11 10 04 00 2 4431.454
2011 03 11 10 03 00 2 4431.452
2011 03 11 10 02 00 2 4431.451
2011 03 11 10 01 00 2 4431.450
2011 03 11 10 00 00 2 4431.450
2011 03 11 09 59 00 2 4431.450
2011 03 11 09 58 00 2 4431.449
2011 03 11 09 57 00 2 4431.447
2011 03 11 09 56 00 2 4431.447
2011 03 11 09 55 00 2 4431.446
2011 03 11 09 54 00 2 4431.446
2011 03 11 09 53 00 2 4431.442
2011 03 11 09 52 00 2 4431.442
2011 03 11 09 51 00 2 4431.443
2011 03 11 09 50 00 2 4431.442
2011 03 11 09 49 00 2 4431.439
2011 03 11 09 48 00 2 4431.440
2011 03 11 09 47 00 2 4431.438
2011 03 11 09 46 00 2 4431.436
2011 03 11 09 45 00 2 4431.436
2011 03 11 09 44 00 2 4431.436
2011 03 11 09 43 00 2 4431.434
2011 03 11 09 42 00 2 4431.433
2011 03 11 09 41 00 2 4431.434
2011 03 11 09 40 00 2 4431.433
2011 03 11 09 39 00 2 4431.432
2011 03 11 09 38 00 2 4431.431
2011 03 11 09 37 00 2 4431.432
2011 03 11 09 36 00 2 4431.432
2011 03 11 09 35 00 2 4431.432
2011 03 11 09 34 00 2 4431.430
2011 03 11 09 33 00 2 4431.428
2011 03 11 09 32 00 2 4431.428
2011 03 11 09 31 00 2 4431.428
2011 03 11 09 30 00 2 4431.427
2011 03 11 09 29 00 2 4431.427
2011 03 11 09 28 00 2 4431.426
2011 03 11 09 27 00 2 4431.425
2011 03 11 09 26 00 2 4431.423
2011 03 11 09 25 00 2 4431.424
2011 03 11 09 24 00 2 4431.423
2011 03 11 09 23 00 2 4431.421
2011 03 11 09 22 00 2 4431.422
2011 03 11 09 21 00 2 4431.422
2011 03 11 09 20 00 2 4431.419
2011 03 11 09 19 00 2 4431.420
2011 03 11 09 18 00 2 4431.420
2011 03 11 09 17 00 2 4431.420
2011 03 11 09 16 00 2 4431.420
2011 03 11 09 15 00 2 4431.417
2011 03 11 09 14 00 2 4431.417
2011 03 11 09 13 00 2 4431.419
2011 03 11 09 12 00 2 4431.418
2011 03 11 09 11 00 2 4431.419
2011 03 11 09 10 00 2 4431.416
2011 03 11 09 09 00 2 4431.417
2011 03 11 09 08 00 2 4431.416
2011 03 11 09 07 00 2 4431.415
2011 03 11 09 06 00 2 4431.415
2011 03 11 09 05 00 2 4431.416
2011 03 11 09 04 00 2 4431.414
2011 03 11 09 03 00 2 4431.413
2011 03 11 09 02 00 2 4431.413
2011 03 11 09 01 00 2 4431.412
2011 03 11 09 00 00 2 4431.413
2011 03 11 08 59 00 2 4431.413
2011 03 11 08 58 00 2 4431.414
2011 03 11 08 57 00 2 4431.412
2011 03 11 08 56 00 2 4431.411
2011 03 11 08 55 00 2 4431.411
2011 03 11 08 54 00 2 4431.412
2011 03 11 08 53 00 2 4431.413
2011 03 11 08 52 00 2 4431.411
2011 03 11 08 51 00 2 4431.412
2011 03 11 08 50 00 2 4431.412
2011 03 11 08 49 00 2 4431.411
2011 03 11 08 48 00 2 4431.409
2011 03 11 08 47 00 2 4431.410
2011 03 11 08 46 00 2 4431.411
2011 03 11 08 45 00 2 4431.410
2011 03 11 08 44 00 2 4431.410
2011 03 11 08 43 00 2 4431.412
2011 03 11 08 42 00 2 4431.410
2011 03 11 08 41 00 2 4431.408
2011 03 11 08 40 00 2 4431.411
2011 03 11 08 39 00 2 4431.412
2011 03 11 08 38 00 2 4431.409
2011 03 11 08 37 00 2 4431.411
2011 03 11 08 36 00 2 4431.413
2011 03 11 08 35 00 2 4431.408
2011 03 11 08 34 00 2 4431.408
2011 03 11 08 33 00 2 4431.410
2011 03 11 08 32 00 2 4431.410
2011 03 11 08 31 00 2 4431.413
2011 03 11 08 30 00 2 4431.410
2011 03 11 08 29 00 2 4431.411
2011 03 11 08 28 00 2 4431.411
2011 03 11 08 27 00 2 4431.409
2011 03 11 08 26 00 2 4431.411
2011 03 11 08 25 00 2 4431.412
2011 03 11 08 24 00 2 4431.413
2011 03 11 08 23 00 2 4431.411
2011 03 11 08 22 00 2 4431.413
2011 03 11 08 21 00 2 4431.412
2011 03 11 08 20 00 2 4431.414
2011 03 11 08 19 00 2 4431.413
2011 03 11 08 18 00 2 4431.413
2011 03 11 08 17 00 2 4431.414
2011 03 11 08 16 00 2 4431.413
2011 03 11 08 15 00 2 4431.414
2011 03 11 08 14 00 2 4431.415
2011 03 11 08 13 00 2 4431.415
2011 03 11 08 12 00 2 4431.415
2011 03 11 08 11 00 2 4431.415
2011 03 11 08 10 00 2 4431.416
2011 03 11 08 09 00 2 4431.418
2011 03 11 08 08 00 2 4431.418
2011 03 11 08 07 00 2 4431.415
2011 03 11 08 06 00 2 4431.417
2011 03 11 08 05 00 2 4431.418
2011 03 11 08 04 00 2 4431.419
2011 03 11 08 03 00 2 4431.418
2011 03 11 08 02 00 2 4431.419
2011 03 11 08 01 00 2 4431.418
2011 03 11 08 00 00 2 4431.419
2011 03 11 07 59 00 2 4431.421
2011 03 11 07 58 00 2 4431.421
2011 03 11 07 57 00 2 4431.420
2011 03 11 07 56 00 2 4431.422
2011 03 11 07 55 00 2 4431.422
2011 03 11 07 54 00 2 4431.421
2011 03 11 07 53 00 2 4431.422
2011 03 11 07 52 00 2 4431.425
2011 03 11 07 51 00 2 4431.425
2011 03 11 07 50 00 2 4431.424
2011 03 11 07 49 00 2 4431.425
2011 03 11 07 48 00 2 4431.427
2011 03 11 07 47 00 2 4431.425
2011 03 11 07 46 00 2 4431.428
2011 03 11 07 45 00 2 4431.431
2011 03 11 07 44 00 2 4431.426
2011 03 11 07 43 00 2 4431.427
2011 03 11 07 42 00 2 4431.430
2011 03 11 07 41 00 2 4431.431
2011 03 11 07 40 00 2 4431.431
2011 03 11 07 39 00 2 4431.433
2011 03 11 07 38 00 2 4431.434
2011 03 11 07 37 00 2 4431.436
2011 03 11 07 36 00 2 4431.435
2011 03 11 07 35 00 2 4431.434
2011 03 11 07 34 00 2 4431.438
2011 03 11 07 33 00 2 4431.440
2011 03 11 07 32 00 2 4431.439
2011 03 11 07 31 00 2 4431.440
2011 03 11 07 30 00 2 4431.441
2011 03 11 07 29 00 2 4431.442
2011 03 11 07 28 00 2 4431.444
2011 03 11 07 27 00 2 4431.440
2011 03 11 07 26 00 2 4431.446
2011 03 11 07 25 00 2 4431.445
2011 03 11 07 24 00 2 4431.445
2011 03 11 07 23 00 2 4431.444
2011 03 11 07 22 00 2 4431.447
2011 03 11 07 21 00 2 4431.447
2011 03 11 07 20 00 2 4431.449
2011 03 11 07 19 00 2 4431.449
2011 03 11 07 18 00 2 4431.450
2011 03 11 07 17 00 2 4431.453
2011 03 11 07 16 00 2 4431.450
2011 03 11 07 15 00 2 4431.453
2011 03 11 07 14 00 2 4431.453
2011 03 11 07 13 00 2 4431.451
2011 03 11 07 12 00 2 4431.454
2011 03 11 07 11 00 2 4431.458
2011 03 11 07 10 00 2 4431.457
2011 03 11 07 09 00 2 4431.458
2011 03 11 07 08 00 2 4431.459
2011 03 11 07 07 00 2 4431.457
2011 03 11 07 06 00 2 4431.461
2011 03 11 07 05 00 2 4431.460
2011 03 11 07 04 00 2 4431.468
2011 03 11 07 03 00 2 4431.464
2011 03 11 07 02 00 2 4431.464
2011 03 11 07 01 00 2 4431.465
2011 03 11 07 00 00 2 4431.467
2011 03 11 06 59 00 2 4431.469
2011 03 11 06 58 00 2 4431.466
2011 03 11 06 57 00 2 4431.471
2011 03 11 06 56 00 2 4431.474
2011 03 11 06 55 00 2 4431.469
2011 03 11 06 54 00 2 4431.470
2011 03 11 06 53 00 2 4431.477
2011 03 11 06 52 00 2 4431.475
2011 03 11 06 51 00 2 4431.473
2011 03 11 06 50 00 2 4431.475
2011 03 11 06 49 00 2 4431.483
2011 03 11 06 48 00 2 4431.475
2011 03 11 06 47 00 2 4431.488
2011 03 11 06 46 00 2 4431.481
2011 03 11 06 45 00 2 4431.483
2011 03 11 06 44 00 2 4431.488
2011 03 11 06 43 00 2 4431.487
2011 03 11 06 42 00 2 4431.488
2011 03 11 06 41 00 2 4431.490
2011 03 11 06 40 00 2 4431.490
2011 03 11 06 39 00 2 4431.494
2011 03 11 06 38 00 2 4431.488
2011 03 11 06 37 00 2 4431.494
2011 03 11 06 36 00 2 4431.503
2011 03 11 06 35 00 2 4431.492
2011 03 11 06 34 00 2 4431.505
2011 03 11 06 33 00 2 4431.493
2011 03 11 06 32 00 2 4431.501
2011 03 11 06 31 00 2 4431.504
2011 03 11 06 30 00 2 4431.507
2011 03 11 06 29 00 2 4431.502
2011 03 11 06 28 00 2 4431.505
2011 03 11 06 27 00 2 4431.511
2011 03 11 06 26 00 2 4431.507
2011 03 11 06 25 00 2 4431.514
2011 03 11 06 24 00 2 4431.511
2011 03 11 06 23 00 2 4431.514
2011 03 11 06 22 00 2 4431.511
2011 03 11 06 21 00 2 4431.518
2011 03 11 06 20 00 2 4431.521
2011 03 11 06 19 00 2 4431.513
2011 03 11 06 18 00 2 4431.526
2011 03 11 06 17 00 2 4431.522
2011 03 11 06 16 00 2 4431.515
2011 03 11 06 15 00 2 4431.533
2011 03 11 06 14 00 2 4431.523
2011 03 11 06 13 00 2 4431.525
2011 03 11 06 12 00 2 4431.529
2011 03 11 06 11 00 2 4431.530
2011 03 11 06 10 00 2 4431.538
2011 03 11 06 09 00 2 4431.529
2011 03 11 06 08 00 2 4431.535
2011 03 11 06 07 00 2 4431.523
2011 03 11 06 06 15 3 4431.536
2011 03 11 06 06 00 3 4431.541
2011 03 11 06 06 00 2 4431.545
2011 03 11 06 05 45 3 4431.568
2011 03 11 06 05 30 3 4431.535
2011 03 11 06 05 15 3 4431.544
2011 03 11 06 05 00 3 4431.468
2011 03 11 06 05 00 2 4431.529
2011 03 11 06 04 45 3 4431.551
2011 03 11 06 04 30 3 4431.613
2011 03 11 06 04 15 3 4431.613
2011 03 11 06 04 00 3 4431.614
2011 03 11 06 04 00 2 4431.551
2011 03 11 06 03 45 3 4431.527
2011 03 11 06 03 30 3 4431.544
2011 03 11 06 03 15 3 4431.558
2011 03 11 06 03 00 3 4431.502
2011 03 11 06 03 00 2 4431.533
2011 03 11 06 02 45 3 4431.565
2011 03 11 06 02 30 3 4431.543
2011 03 11 06 02 00 2 4431.547
2011 03 11 06 01 00 2 4431.545
2011 03 11 06 00 00 2 4431.544
2011 03 11 06 00 00 1 4431.538
2011 03 11 05 59 00 2 4431.548
2011 03 11 05 58 00 2 4431.549
2011 03 11 05 57 00 2 4431.551
2011 03 11 05 56 00 2 4431.553
2011 03 11 05 55 00 2 4431.553
2011 03 11 05 54 00 2 4431.555
2011 03 11 05 53 00 2 4431.556
2011 03 11 05 52 00 2 4431.558
2011 03 11 05 51 00 2 4431.559
2011 03 11 05 50 00 2 4431.560
2011 03 11 05 49 00 2 4431.562
2011 03 11 05 48 00 2 4431.563
2011 03 11 05 47 00 2 4431.565
2011 03 11 05 46 00 2 4431.567
2011 03 11 05 45 00 2 4431.569
2011 03 11 05 45 00 1 4431.569
2011 03 11 05 44 00 2 4431.570
2011 03 11 05 43 00 2 4431.572
2011 03 11 05 42 00 2 4431.574
2011 03 11 05 41 00 2 4431.576
2011 03 11 05 40 00 2 4431.578
2011 03 11 05 39 00 2 4431.579
2011 03 11 05 38 00 2 4431.581
2011 03 11 05 37 00 2 4431.583
2011 03 11 05 36 00 2 4431.585
2011 03 11 05 35 00 2 4431.587
2011 03 11 05 34 00 2 4431.588
2011 03 11 05 33 00 2 4431.590
2011 03 11 05 32 00 2 4431.591
2011 03 11 05 31 00 2 4431.593
2011 03 11 05 30 00 2 4431.595
2011 03 11 05 30 00 1 4431.595
2011 03 11 05 29 00 2 4431.597
2011 03 11 05 28 00 2 4431.599
2011 03 11 05 27 00 2 4431.600
2011 03 11 05 26 00 2 4431.601
2011 03 11 05 25 00 2 4431.603
2011 03 11 05 24 00 2 4431.604
2011 03 11 05 23 00 2 4431.606
2011 03 11 05 22 00 2 4431.608
2011 03 11 05 21 00 2 4431.609
2011 03 11 05 20 00 2 4431.610
2011 03 11 05 19 00 2 4431.613
2011 03 11 05 18 00 2 4431.615
2011 03 11 05 17 00 2 4431.617
2011 03 11 05 16 00 2 4431.618
2011 03 11 05 15 00 2 4431.620
2011 03 11 05 15 00 1 4431.620
2011 03 11 05 14 00 2 4431.622
2011 03 11 05 13 00 2 4431.624
2011 03 11 05 12 00 2 4431.625
2011 03 11 05 11 00 2 4431.627
2011 03 11 05 10 00 2 4431.629
2011 03 11 05 09 00 2 4431.630
2011 03 11 05 08 00 2 4431.631
2011 03 11 05 07 00 2 4431.633
2011 03 11 05 06 00 2 4431.635
2011 03 11 05 05 00 2 4431.637
2011 03 11 05 04 00 2 4431.639
2011 03 11 05 03 00 2 4431.641
2011 03 11 05 02 00 2 4431.643
2011 03 11 05 01 00 2 4431.645
2011 03 11 05 00 00 2 4431.646
2011 03 11 05 00 00 1 4431.647
2011 03 11 04 45 00 1 4431.676
2011 03 11 04 30 00 1 4431.706
2011 03 11 04 15 00 1 4431.735
2011 03 11 04 00 00 1 4431.762
2011 03 11 03 45 00 1 4431.788
2011 03 11 03 30 00 1 4431.812
2011 03 11 03 15 00 1 4431.836
2011 03 11 03 00 00 1 4431.860
2011 03 11 02 45 00 1 4431.882
2011 03 11 02 30 00 1 4431.903
2011 03 11 02 15 00 1 4431.918
2011 03 11 02 00 00 1 4431.934
2011 03 11 01 45 00 1 4431.949
2011 03 11 01 30 00 1 4431.958
2011 03 11 01 15 00 1 4431.963
2011 03 11 01 00 00 1 4431.963
2011 03 11 00 45 00 1 4431.965
2011 03 11 00 30 00 1 4431.961
2011 03 11 00 15 00 1 4431.956
2011 03 11 00 00 00 1 4431.948
