-1.099500000000000000e+04 -2.422934376227203757e-04
-1.009499999999989086e+04 2.484303661731246393e-03
-9.195000000000000000e+03 1.978598405912634917e-03
-8.294999999999890861e+03 1.856787223914579954e-03
-7.395000000000000000e+03 1.466175349378318060e-03
-6.495000000000000000e+03 9.544343329253024422e-04
-6.495000000000000000e+03 -4.556566727842437103e-05
-6.435000000000109139e+03 -2.365484551773988642e-04
-6.375000000000000000e+03 5.761366792285116389e-04
-6.314999999999890861e+03 3.921775978596997447e-04
-6.255000000000109139e+03 2.112606434820918366e-04
-6.195000000000000000e+03 3.307071347080636770e-05
-6.134999999999890861e+03 -1.427086845069425181e-04
-6.075000000000109139e+03 -1.316395362664479762e-03
-6.015000000000000000e+03 -1.488308390435122419e-03
-5.954999999999890861e+03 -6.587680354641634040e-04
-5.895000000000000000e+03 -8.280957035822211765e-04
-5.835000000000000000e+03 -9.966138704839977436e-04
-5.775000000000109139e+03 -1.164646026154514402e-03
-5.715000000000000000e+03 -1.332516617367218714e-03
-5.654999999999890861e+03 -1.500550981290871277e-03
-5.595000000000109139e+03 -6.690752952636103146e-04
-5.595000000000109139e+03 -6.690752952636103146e-04
-5.535000000000000000e+03 -8.384165130337351002e-04
-5.474999999999890861e+03 -1.008902306239178870e-03
-5.415000000000109139e+03 -1.180861011562228668e-03
-5.355000000000000000e+03 -1.354621573227632325e-03
-5.294999999999890861e+03 -1.530513486613926943e-03
-5.235000000000000000e+03 -1.708866739136283286e-03
-5.175000000000000000e+03 -8.900117636585491709e-04
-5.115000000000109139e+03 -2.074279377666243818e-03
-5.055000000000000000e+03 -2.262000732116575819e-03
-4.994999999999890861e+03 -2.453507258906029165e-03
-4.935000000000109139e+03 -1.649130613259330858e-03
-4.875000000000000000e+03 -1.849202634730318096e-03
-4.814999999999890861e+03 -2.054055277767474763e-03
-4.755000000000109139e+03 -1.264020577764313202e-03
-4.695000000000000000e+03 -1.479430588005925529e-03
-4.695000000000000000e+03 -1.479430588005925529e-03
-4.634999999999890861e+03 -1.700617337519361172e-03
-4.575000000000000000e+03 -1.927912781866325531e-03
-4.515000000000000000e+03 -2.161648744731792249e-03
-4.455000000000109139e+03 -1.402156882249983028e-03
-4.395000000000000000e+03 -1.649768631068582181e-03
-4.335000000000000000e+03 -1.904815156194672454e-03
-4.275000000000109139e+03 -1.167627312497643288e-03
-4.215000000000000000e+03 -1.438535591660183854e-03
-4.154999999999890861e+03 -7.178700807344284840e-04
-4.095000000000109139e+03 -1.005960414659057278e-03
-4.035000000000000000e+03 -3.031357337022200227e-04
-3.974999999999890861e+03 -6.097246387071209028e-04
-3.915000000000000000e+03 7.394484964606817812e-05
-3.855000000000000000e+03 -2.524546553104300983e-04
-3.795000000000109139e+03 -5.892498811590485275e-04
-3.795000000000109139e+03 -5.892498811590485275e-04
-3.735000000000000000e+03 -9.367668353661429137e-04
-3.675000000000000000e+03 -2.953307839561603032e-04
-3.615000000000109139e+03 -6.652661904809065163e-04
-3.555000000000000000e+03 -1.046896688421838917e-03
-3.494999999999890861e+03 -4.405450399644905701e-04
-3.435000000000109139e+03 1.534669099783059210e-04
-3.375000000000000000e+03 -2.651817303558345884e-04
-3.314999999999890861e+03 3.031891310456558131e-04
-3.255000000000000000e+03 8.582606224081246182e-04
-3.195000000000000000e+03 3.997149378847097978e-04
-3.135000000000109139e+03 9.272353699998348020e-04
-3.075000000000000000e+03 1.440506359358550981e-03
-3.015000000000000000e+03 9.392135179950855672e-04
-2.955000000000109139e+03 1.423043671820778400e-03
-2.895000000000000000e+03 1.891684896691003814e-03
-2.895000000000000000e+03 1.891684896691003814e-03
-2.834999999999890861e+03 1.344826546301192138e-03
-2.775000000000109139e+03 1.782159292815777007e-03
-2.715000000000000000e+03 1.203375165459874552e-03
-2.654999999999890861e+03 1.608167568520002533e-03
-2.595000000000000000e+03 9.962313297364744358e-04
-2.535000000000000000e+03 2.367262723055318929e-03
-2.474999999999890861e+03 1.720959507110819686e-03
-2.415000000000000000e+03 2.057020952634047717e-03
-2.355000000000000000e+03 2.375147874772665091e-03
-2.295000000000109139e+03 2.675042663213389460e-03
-2.235000000000000000e+03 1.956409316335339099e-03
-2.174999999999890861e+03 2.218953466581297107e-03
-2.115000000000109139e+03 2.462382411977159791e-03
-2.055000000000000000e+03 1.686405141299474053e-03
-1.994999999999890861e+03 1.890732371066405904e-03
-1.935000000000000000e+03 2.075076568871736526e-03
-1.875000000000000000e+03 1.239151973095431458e-03
-1.814999999999890861e+03 1.382674638989556115e-03
-1.755000000000000000e+03 1.505362444731872529e-03
-1.695000000000000000e+03 2.606935131552745588e-03
-1.635000000000109139e+03 2.687114330001350027e-03
-1.575000000000000000e+03 1.745623576425714418e-03
-1.514999999999890861e+03 1.782188344805035740e-03
-1.455000000000109139e+03 7.965360691741807386e-04
-1.395000000000000000e+03 7.883961725383414887e-04
-1.334999999999890861e+03 7.575000836368417367e-04
-1.275000000000000000e+03 7.035812650428852066e-04
-1.215000000000000000e+03 6.263752366066910326e-04
-1.154999999999890861e+03 5.256195927358930930e-04
-1.095000000000000000e+03 4.010540387753280811e-04
-1.035000000000000000e+03 2.524203946450143121e-04
-9.750000000001091394e+02 7.946262667246628553e-05
-9.150000000000000000e+02 -1.180731251224642619e-04
-8.549999999998908606e+02 -3.404385433896095492e-04
-7.950000000001091394e+02 4.121169022255344316e-04
-7.350000000000000000e+02 1.393459715472999960e-04
-6.749999999998908606e+02 -1.589963358128443360e-04
-6.150000000001091394e+02 -4.831527448914130218e-04
-5.550000000000000000e+02 -8.333637006217031740e-04
-4.949999999998908606e+02 -1.209867338729964104e-03
-4.350000000000000000e+02 -1.612899476640450303e-03
-3.750000000000000000e+02 -1.042693589624832384e-03
-3.150000000001091394e+02 -1.499480797065189108e-03
-2.550000000000000000e+02 -9.834898373810574412e-04
-1.949999999998908606e+02 -1.494947065111773554e-03
-1.350000000001091394e+02 -1.034076418363838457e-03
-7.500000000000000000e+01 -1.601099421350227203e-03
-1.499999999989086064e+01 -2.196235146584513132e-03
4.499999999989086064e+01 -1.819700220949016511e-03
1.050000000000000000e+02 -2.471708797202154528e-03
1.650000000001091394e+02 -2.152472544366901275e-03
2.250000000000000000e+02 -3.862200627736456227e-03
2.850000000000000000e+02 -6.010997067278367467e-04
3.449999999998908606e+02 -3.369373906934924889e-03
4.050000000000000000e+02 -3.167224822391290218e-03
4.650000000001091394e+02 -1.994851485505932942e-03
5.249999999998908606e+02 2.147549627807165962e-03
5.850000000000000000e+02 -3.740215370271471329e-03
5.850000000000000000e+02 -9.740215370584337506e-03
6.450000000001091394e+02 -8.658337786982883699e-03
6.450000000001091394e+02 -6.658337786575430073e-03
6.450000000001091394e+02 -4.465833778704109136e-02
6.450000000001091394e+02 2.234166221296618460e-02
6.450000000001091394e+02 -1.658337786466290709e-03
7.049999999998908606e+02 1.939299367768398952e-02
7.049999999998908606e+02 8.539299367748753866e-02
7.049999999998908606e+02 6.539299367705098120e-02
7.049999999998908606e+02 4.439299367732019164e-02
7.049999999998908606e+02 -6.760700632275984390e-02
7.650000000000000000e+02 -4.586407069837150630e-03
7.650000000000000000e+02 -9.258640706957521616e-02
7.650000000000000000e+02 -7.858640707036101958e-02
7.650000000000000000e+02 -6.558640707044105511e-02
7.650000000000000000e+02 -2.258640706986625446e-02
8.250000000001091394e+02 2.740327650735707721e-02
8.250000000001091394e+02 2.440327650765539147e-02
8.250000000001091394e+02 1.664032765074807685e-01
8.250000000001091394e+02 1.254032765073134215e-01
8.850000000000000000e+02 -8.063813642456807429e-02
9.450000000000000000e+02 6.028917594449012540e-02
1.004999999999890861e+03 -4.814961918782501016e-03
1.065000000000000000e+03 -3.795072288266965188e-02
1.125000000000000000e+03 2.288172285352629842e-02
1.184999999999890861e+03 6.682207776066206861e-03
1.245000000000000000e+03 -3.354943293743417598e-02
1.305000000000109139e+03 1.118663858687796164e-02
1.364999999999890861e+03 -7.109737064638466109e-03
1.425000000000000000e+03 1.256128340173745528e-02
1.485000000000109139e+03 3.199546014002407901e-03
1.545000000000000000e+03 -1.519510047910443973e-02
1.605000000000000000e+03 -2.622804589918814600e-03
1.664999999999890861e+03 1.091628791527909925e-02
1.725000000000000000e+03 -1.457796597969718277e-02
1.785000000000000000e+03 -2.105706539623497520e-03
1.844999999999890861e+03 1.332928735791938379e-03
1.905000000000000000e+03 3.737805112905334681e-03
1.965000000000109139e+03 -1.189120936669496587e-02
2.024999999999890861e+03 3.445756109613284934e-03
2.085000000000000000e+03 1.074857514231553068e-02
2.145000000000109139e+03 -4.982875887435511686e-03
2.205000000000000000e+03 -9.748717804541229270e-03
2.265000000000000000e+03 -1.549068644635553937e-03
2.324999999999890861e+03 1.615956362002179958e-03
2.385000000000000000e+03 -1.025375522203830769e-02
2.445000000000000000e+03 -1.158313029918645043e-03
2.504999999999890861e+03 -1.097823886993865017e-03
2.565000000000000000e+03 1.292760819342220202e-02
2.625000000000109139e+03 -1.008211800035496708e-02
2.684999999999890861e+03 5.872899140740628354e-03
2.745000000000000000e+03 -1.920743596565444022e-02
2.805000000000109139e+03 -3.232160825064056553e-04
2.865000000000000000e+03 9.525468842184636742e-03
2.925000000000000000e+03 -3.661468322206928860e-03
2.985000000000109139e+03 -5.884111891646170989e-03
3.045000000000000000e+03 -9.142543358393595554e-03
3.105000000000000000e+03 6.563158603057672735e-03
3.164999999999890861e+03 -7.767081869133107830e-03
3.225000000000000000e+03 1.086666218816390028e-02
3.285000000000109139e+03 -1.353567945170652820e-02
3.344999999999890861e+03 -5.974174192488135304e-03
3.405000000000000000e+03 2.551113375375280157e-03
3.465000000000109139e+03 3.040121468984580133e-03
3.525000000000000000e+03 4.927911259073880501e-04
3.585000000000000000e+03 -3.090933805651729926e-03
3.645000000000109139e+03 -5.711106677154020872e-03
3.705000000000000000e+03 3.632221969382953830e-03
3.765000000000000000e+03 -2.060995600004389416e-03
3.824999999999890861e+03 -1.790804323718475644e-03
3.885000000000000000e+03 -4.557246340482379310e-03
3.945000000000109139e+03 2.639639004883065354e-03
4.004999999999890861e+03 -2.001848397412686609e-04
4.065000000000000000e+03 4.923248361592413858e-03
4.125000000000109139e+03 -3.990092376625398174e-03
4.185000000000000000e+03 -1.940235257279709913e-03
4.245000000000000000e+03 -3.927205703803338110e-03
4.305000000000109139e+03 1.048973625074722804e-03
4.365000000000000000e+03 -1.171716121461940929e-05
4.425000000000000000e+03 -3.109295190370175987e-03
4.484999999999890861e+03 -2.243774837552336976e-03
4.545000000000000000e+03 -1.415167722370824777e-03
4.605000000000109139e+03 3.765172768908087164e-04
4.664999999999890861e+03 3.131274024781305343e-03
4.725000000000000000e+03 -3.150900886794261169e-03
4.785000000000109139e+03 -2.470008132149814628e-03
4.844999999999890861e+03 1.739543349685845897e-04
4.905000000000000000e+03 -3.219008729502093047e-03
4.965000000000109139e+03 2.351110143536061514e-03
5.025000000000000000e+03 8.843211217026691884e-04
5.085000000000000000e+03 -2.619362932819058187e-03
5.144999999999890861e+03 -1.159926470791106112e-03
5.205000000000000000e+03 2.626487348607042804e-04
5.265000000000109139e+03 -1.351616415377066005e-03
5.324999999999890861e+03 1.997301637857162859e-03
5.385000000000000000e+03 3.094291205343324691e-04
5.445000000000109139e+03 -3.415205106648500077e-03
5.504999999999890861e+03 1.823430465265118983e-03
5.565000000000000000e+03 2.536996817070757970e-05
5.625000000000109139e+03 1.906501656776526943e-04
5.685000000000000000e+03 2.319310426173615269e-03
5.745000000000000000e+03 4.113927252547000535e-04
5.804999999999890861e+03 -5.330583690010826103e-04
5.865000000000000000e+03 1.486004303842491936e-03
5.925000000000109139e+03 4.686304710048716515e-04
5.984999999999890861e+03 4.148724301558104344e-04
6.045000000000000000e+03 3.247850390835083090e-04
6.105000000000109139e+03 1.984256932701100595e-04
6.164999999999890861e+03 3.035854331756127067e-03
6.225000000000000000e+03 -5.162866584214498289e-03
6.285000000000109139e+03 2.602327921522373799e-03
6.345000000000000000e+03 3.315053318146965466e-04
6.405000000000000000e+03 1.024735623104788829e-03
6.464999999999890861e+03 -3.179087507305666804e-04
6.525000000000000000e+03 -6.963528558117104694e-04
6.585000000000000000e+03 -1.110519302528700791e-03
6.644999999999890861e+03 -5.603282506854156964e-04
6.705000000000000000e+03 9.543025744278565980e-04
6.765000000000109139e+03 -1.566542119689984247e-03
6.824999999999890861e+03 8.772247765591600910e-04
6.885000000000000000e+03 1.285692789679160342e-03
6.945000000000109139e+03 2.658953821082832292e-03
7.005000000000000000e+03 -3.002897837177442852e-03
7.065000000000000000e+03 -1.699765535704500508e-03
7.124999999999890861e+03 3.568449731574219186e-03
7.185000000000000000e+03 -2.198150690674083307e-03
7.245000000000000000e+03 5.368674464989453554e-07
7.304999999999890861e+03 1.164618397524463944e-03
7.365000000000000000e+03 -1.705797817521670368e-03
7.425000000000109139e+03 3.893988032359629869e-04
7.484999999999890861e+03 -1.549678887386107817e-03
7.545000000000000000e+03 4.770842206198722124e-04
7.605000000000109139e+03 -1.530194507722626440e-03
7.665000000000000000e+03 1.428604522516252473e-03
7.725000000000000000e+03 -6.463968693424249068e-04
7.784999999999890861e+03 -1.755074660650279839e-03
7.845000000000000000e+03 -1.897302630823105574e-03
7.905000000000000000e+03 9.270476130041060969e-04
7.964999999999890861e+03 -1.281893361920083407e-03
8.025000000000000000e+03 4.760071515192976221e-04
8.085000000000109139e+03 -1.799115999347122852e-03
8.144999999999890861e+03 -2.107125838847423438e-03
8.205000000000000000e+03 -1.447883296350482851e-03
8.265000000000109139e+03 -8.212471984734293073e-04
8.325000000000000000e+03 -2.227074302027176600e-03
8.385000000000000000e+03 -1.665219296228315216e-03
8.445000000000109139e+03 -1.135534826971706934e-03
8.505000000000000000e+03 -1.637871503589849453e-03
8.565000000000000000e+03 -2.172077919567527715e-03
8.624999999999890861e+03 -2.738000670433393680e-03
8.685000000000000000e+03 -2.335484358809480909e-03
8.745000000000109139e+03 -1.964371623216720764e-03
8.804999999999890861e+03 -4.624503140803426504e-03
8.865000000000000000e+03 -3.315717654004401993e-03
8.925000000000109139e+03 -3.037851977751415689e-03
8.985000000000000000e+03 -3.790741021475696471e-03
9.045000000000000000e+03 -3.574217801542545203e-03
9.105000000000109139e+03 -3.388113455002894625e-03
9.165000000000000000e+03 -2.322572681805468164e-04
9.225000000000000000e+03 -4.106476671950076707e-03
9.284999999999890861e+03 -7.010597279986541253e-03
9.345000000000000000e+03 -1.944442888088815380e-03
9.405000000000109139e+03 -3.907835496647749096e-03
9.464999999999890861e+03 -2.900595335631805938e-03
9.525000000000000000e+03 -2.922540865256451070e-03
9.585000000000109139e+03 -3.973488805058877915e-03
9.645000000000000000e+03 -5.053254145423125010e-03
9.705000000000000000e+03 -2.161650161724537611e-03
9.765000000000109139e+03 -6.298488441643712576e-03
9.825000000000000000e+03 -2.463578887727635447e-03
9.885000000000000000e+03 -3.656729745671327692e-03
9.944999999999890861e+03 -8.877747618498688098e-03
1.000500000000000000e+04 -3.126437476566934492e-03
1.006500000000010914e+04 -6.402602692105574533e-03
1.012499999999989086e+04 -6.706045031933172140e-03
1.018500000000000000e+04 -3.036564693502441514e-03
1.024500000000010914e+04 -7.393960321678605396e-03
1.030499999999989086e+04 -3.778029012210026849e-03
1.036500000000000000e+04 -3.188566344761056826e-03
1.042500000000010914e+04 -3.625366386586392764e-03
1.048500000000000000e+04 -6.088221725804032758e-03
1.054500000000000000e+04 -6.576923477041418664e-03
1.060499999999989086e+04 -5.091261298730387352e-03
1.066500000000000000e+04 -5.631023420392011758e-03
1.072500000000010914e+04 -6.195996647875290364e-03
1.078499999999989086e+04 -6.785966395909781568e-03
1.084500000000000000e+04 -9.400716691743582487e-03
1.090500000000010914e+04 -7.040030200187175069e-03
1.096499999999989086e+04 -5.703688243556825910e-03
1.102500000000000000e+04 -7.391470811853650957e-03
1.108500000000010914e+04 -7.103156593075254932e-03
1.114500000000000000e+04 -7.838522971724160016e-03
1.120500000000000000e+04 -8.597346071837819181e-03
1.126499999999989086e+04 -7.379400753961817827e-03
1.132500000000000000e+04 -7.184460645476065110e-03
1.138500000000010914e+04 -8.012298152607399970e-03
1.144499999999989086e+04 -8.862684480845928192e-03
1.150500000000000000e+04 -7.735389655863400549e-03
1.156500000000010914e+04 -8.630182534943742212e-03
1.162499999999989086e+04 -8.546830835257424042e-03
1.168500000000000000e+04 -8.485101140649931040e-03
1.174500000000000000e+04 -1.244475892872287659e-02
1.180500000000000000e+04 -1.242556858869647840e-02
1.186500000000000000e+04 -7.427293431646830868e-03
1.192500000000000000e+04 -9.449695718103612307e-03
1.198500000000000000e+04 -1.349253667649463750e-02
1.204500000000000000e+04 -1.155557651054550661e-02
1.210500000000000000e+04 -1.263857443427696126e-02
1.216500000000000000e+04 -1.174128867569379508e-02
1.222500000000000000e+04 -1.086347650198149495e-02
1.228500000000000000e+04 -1.200489424081752077e-02
1.234500000000000000e+04 -1.316529729319881881e-02
1.240500000000000000e+04 -1.434444015558256069e-02
1.246500000000000000e+04 -1.354207643453264609e-02
1.252500000000000000e+04 -1.175795887229469372e-02
1.258500000000000000e+04 -1.299183935861947248e-02
1.264500000000000000e+04 -1.124346895267080981e-02
1.270500000000000000e+04 -1.251259790387848625e-02
1.276500000000000000e+04 -1.579897566261934116e-02
1.282500000000000000e+04 -1.110235090345668141e-02
1.288500000000000000e+04 -9.422471553079958539e-03
1.294500000000000000e+04 -7.759084790450287983e-03
1.300500000000000000e+04 -5.111937081892392598e-03
1.306500000000000000e+04 -3.480774188574287109e-03
1.312500000000000000e+04 1.346588087471900508e-04
1.318500000000000000e+04 4.734617491521930788e-03
1.324500000000000000e+04 1.031935808805428678e-02
1.330500000000000000e+04 1.388913745176978409e-02
1.336500000000000000e+04 2.044421304071875056e-02
1.342500000000000000e+04 2.598484290774649708e-02
1.348500000000000000e+04 3.251128566898842109e-02
1.354500000000000000e+04 3.402380049919884186e-02
1.360500000000000000e+04 4.152264709864539327e-02
1.366500000000000000e+04 4.500808568718639435e-02
1.372500000000000000e+04 4.848037697956897318e-02
1.378500000000000000e+04 5.293978216650430113e-02
1.384500000000000000e+04 5.338656289313803427e-02
1.390500000000000000e+04 5.682098125271295430e-02
1.396500000000000000e+04 6.124329975591535913e-02
1.402500000000000000e+04 6.265378131593024591e-02
1.408500000000000000e+04 6.305268922824325273e-02
1.414500000000000000e+04 6.644028715891181491e-02
1.420500000000000000e+04 6.981683911544678267e-02
1.426500000000000000e+04 7.018260944278154057e-02
1.432500000000000000e+04 7.253786278670304455e-02
1.438500000000000000e+04 7.488286409170541447e-02
1.444500000000000000e+04 7.421787857219896978e-02
1.450500000000000000e+04 7.854317169858404668e-02
1.456500000000000000e+04 7.885900918154220562e-02
1.462500000000000000e+04 7.716565694317978341e-02
1.468500000000000000e+04 7.046338111103978008e-02
1.474500000000000000e+04 6.375244799528445583e-02
1.480500000000000000e+04 6.003312406755867414e-02
1.486500000000000000e+04 5.030567594531021314e-02
1.492500000000000000e+04 3.957037037162081106e-02
1.498500000000000000e+04 2.882747420244413661e-02
1.504500000000000000e+04 1.807725438175111776e-02
1.510500000000000000e+04 6.319977927887521219e-03
1.516500000000000000e+04 -7.444088087140698917e-03
1.522500000000000000e+04 -1.821467655372543959e-02
1.528500000000000000e+04 -3.099152034428698244e-02
1.534500000000000000e+04 -4.477435233002324821e-02
1.540500000000000000e+04 -5.056290539505425841e-02
1.546500000000000000e+04 -5.535691246768692508e-02
1.552500000000000000e+04 -6.315610652109171497e-02
1.558500000000000000e+04 -6.996022060229734052e-02
1.564500000000000000e+04 -7.276898784493823769e-02
1.570500000000000000e+04 -7.558214149139530491e-02
1.576500000000000000e+04 -8.039941490642377175e-02
1.582500000000000000e+04 -8.322054159543768037e-02
1.588500000000000000e+04 -8.004525522301264573e-02
1.594500000000000000e+04 -7.287328963229811052e-02
1.600500000000000000e+04 -6.270437885541468859e-02
1.606500000000000000e+04 -5.553825714468985097e-02
1.612500000000000000e+04 -5.637465897325455444e-02
1.618500000000000000e+04 -5.521331906311388593e-02
1.624500000000000000e+04 -5.205397240115416935e-02
1.630500000000000000e+04 -4.289635425448068418e-02
1.636500000000000000e+04 -2.774020018932787934e-02
1.642500000000000000e+04 -2.058524608219158836e-02
1.642500000000000000e+04 -1.758524608248990262e-02
1.648500000000000000e+04 -2.043122815030073980e-02
1.648500000000000000e+04 -2.143122815050446661e-02
1.648500000000000000e+04 -2.043122815030073980e-02
1.648500000000000000e+04 -1.943122815100650769e-02
1.648500000000000000e+04 -1.743122815059905406e-02
1.654500000000000000e+04 -1.927788295324717183e-02
1.654500000000000000e+04 -1.927788295324717183e-02
1.654500000000000000e+04 -1.927788295324717183e-02
1.654500000000000000e+04 -1.727788295283971820e-02
1.654500000000000000e+04 -1.727788295283971820e-02
1.660500000000000000e+04 -1.912494741918635555e-02
1.660500000000000000e+04 -2.012494741939008236e-02
1.660500000000000000e+04 -1.812494741989212343e-02
1.660500000000000000e+04 -1.612494741948466981e-02
1.660500000000000000e+04 -1.412494741998671088e-02
1.666500000000000000e+04 -1.297215885915647959e-02
1.666500000000000000e+04 -1.497215885865443852e-02
1.666500000000000000e+04 -1.097215885874902597e-02
1.666500000000000000e+04 -8.972158859251067042e-03
1.672500000000000000e+04 -5.819254985908628441e-03
1.678500000000000000e+04 1.334026069343963172e-03
1.684500000000000000e+04 1.487945748522179201e-03
1.690500000000000000e+04 1.642765034375770483e-03
1.696500000000000000e+04 2.798744446408818476e-03
1.702500000000000000e+04 3.956144020776264369e-03
1.708500000000000000e+04 1.111522329301806167e-02
1.714500000000000000e+04 1.827624127963645151e-02
1.720500000000000000e+04 1.943945646780775860e-02
1.726500000000000000e+04 9.605126791029761080e-03
1.732500000000000000e+04 5.773509618848038372e-03
1.738500000000000000e+04 1.394486173921904992e-02
1.744500000000000000e+04 2.411943933930160711e-02
1.750500000000000000e+04 3.029749799406999955e-02
1.756500000000000000e+04 2.747929264660342596e-02
1.762500000000000000e+04 3.266507759599335259e-02
1.768500000000000000e+04 3.185510647654155036e-02
1.774500000000000000e+04 3.204963224288803758e-02
1.780500000000000000e+04 3.524890715925721452e-02
1.786500000000000000e+04 4.345318278046761407e-02
1.792500000000000000e+04 4.366270992795762140e-02
1.798500000000000000e+04 3.387773869599186582e-02
1.804500000000000000e+04 3.109851841145427898e-02
1.810500000000000000e+04 4.132529763410275336e-02
1.816500000000000000e+04 4.155832413198368158e-02
1.822500000000000000e+04 2.479784487968572648e-02
1.828500000000000000e+04 2.004410602512507467e-02
1.834500000000000000e+04 3.429735288773372304e-02
1.840500000000000000e+04 4.555782993975299178e-02
1.846500000000000000e+04 3.982578078921505949e-02
1.852500000000000000e+04 3.210144816512183752e-02
1.858500000000000000e+04 3.338507391163147986e-02
1.864500000000000000e+04 3.367689895276271272e-02
1.870500000000000000e+04 3.297716330234834459e-02
1.876500000000000000e+04 3.728610603138804436e-02
1.882500000000000000e+04 3.360396526477416046e-02
1.888500000000000000e+04 1.993097815739020007e-02
1.894500000000000000e+04 1.426738088593992870e-02
1.900500000000000000e+04 1.461340863443183480e-02
1.906500000000000000e+04 5.969295579234312754e-03
1.912500000000000000e+04 -5.664725129463477060e-03
1.918500000000000000e+04 -1.428842137192987138e-02
1.924500000000000000e+04 -2.490156208114058245e-02
1.930500000000000000e+04 -3.550391725730150938e-02
1.936500000000000000e+04 -4.109525797503010835e-02
1.942500000000000000e+04 -3.567535639740526676e-02
1.948500000000000000e+04 -4.224398579754051752e-02
1.954500000000000000e+04 -5.380092056566354586e-02
1.960500000000000000e+04 -5.134593622278771363e-02
1.966500000000000000e+04 -4.787880943604250206e-02
1.972500000000000000e+04 -5.139931803114450304e-02
1.978500000000000000e+04 -5.290724100359511795e-02
1.984500000000000000e+04 -4.540235853619378759e-02
1.990500000000000000e+04 -3.888445200482237851e-02
1.996500000000000000e+04 -3.335330400386737892e-02
2.002500000000000000e+04 -2.880869834370969329e-02
2.008500000000000000e+04 -2.825042007134470623e-02
2.014500000000000000e+04 -2.967825548603286734e-02
2.020500000000000000e+04 -3.009199214557156665e-02
2.026500000000000000e+04 -3.249141888318263227e-02
2.032500000000000000e+04 -3.587632581184152514e-02
2.038500000000000000e+04 -3.424650435044895858e-02
2.044500000000000000e+04 -2.960174722647934686e-02
2.050500000000000000e+04 -2.294184848415170563e-02
2.056500000000000000e+04 -1.226660350857855519e-02
2.062500000000000000e+04 -7.575809025183843914e-03
2.068500000000000000e+04 -4.869263120781397447e-03
2.074500000000000000e+04 -3.146765251585748047e-03
2.080500000000000000e+04 4.591883749526459724e-03
2.086500000000000000e+04 1.334688165115949232e-02
2.092500000000000000e+04 9.118424822190718260e-03
2.098500000000000000e+04 5.906708215661637951e-03
2.104500000000000000e+04 1.671192535650334321e-02
2.110500000000000000e+04 2.953426833573757904e-02
2.116500000000000000e+04 3.037392779424408218e-02
2.122500000000000000e+04 3.023109291370928986e-02
2.128500000000000000e+04 2.810595140726945829e-02
2.134500000000000000e+04 2.099868950608652085e-02
2.140500000000000000e+04 2.590949195109715220e-02
2.146500000000000000e+04 3.283854198161861859e-02
2.152500000000000000e+04 2.578602132416563109e-02
2.158500000000000000e+04 1.675211018482514191e-02
2.164500000000000000e+04 1.573698723495908780e-02
2.170500000000000000e+04 1.474082960885425564e-02
2.176500000000000000e+04 7.763812880511977710e-03
2.182500000000000000e+04 7.806111069839971606e-03
2.188500000000000000e+04 2.867896619136445224e-03
2.194500000000000000e+04 -7.050659603919484653e-03
2.200500000000000000e+04 5.061166484665591270e-05
2.206500000000000000e+04 1.517187810259201797e-02
2.212500000000000000e+04 1.531330577290646033e-02
2.218500000000000000e+04 2.347505911438929616e-02
2.224500000000000000e+04 4.165730094427999575e-02
2.230500000000000000e+04 3.586019244357885327e-02
2.236500000000000000e+04 4.308389313882798888e-02
2.242500000000000000e+04 6.432856091396388365e-02
2.248500000000000000e+04 6.459435198030405445e-02
2.254500000000000000e+04 6.288142087851156248e-02
2.260500000000000000e+04 7.418992047587380512e-02
2.266500000000000000e+04 7.552000194300489966e-02
2.272500000000000000e+04 6.287181475727265934e-02
2.278500000000000000e+04 4.824550669218297116e-02
2.284500000000000000e+04 4.364122380502521992e-02
2.290500000000000000e+04 4.105911043279775186e-02
2.296500000000000000e+04 3.049930918678001035e-02
2.302500000000000000e+04 2.196196094064362114e-02
2.308500000000000000e+04 3.447204821895866189e-03
2.314500000000000000e+04 -1.304482179148180876e-02
2.320500000000000000e+04 -8.513983279954118188e-03
2.326500000000000000e+04 -1.196014579090842744e-02
2.332500000000000000e+04 -2.338317724297667155e-02
2.338500000000000000e+04 -2.178294733766961144e-02
2.344500000000000000e+04 -2.315932756300753681e-02
2.350500000000000000e+04 -2.851219119656889234e-02
2.356500000000000000e+04 -2.884141332106082700e-02
2.362500000000000000e+04 -2.314687082434829790e-02
2.368500000000000000e+04 -2.742844241038255859e-02
2.374500000000000000e+04 -4.068600859500293154e-02
2.380500000000000000e+04 -4.191945172988198465e-02
2.386500000000000000e+04 -4.012865599270298844e-02
2.392500000000000000e+04 -4.631350740328343818e-02
2.398500000000000000e+04 -5.447389381697576027e-02
2.404500000000000000e+04 -4.960970494903449435e-02
2.410500000000000000e+04 -5.072083236336766277e-02
2.416500000000000000e+04 -6.080716948781628162e-02
2.422500000000000000e+04 -4.586861161715205526e-02
2.428500000000000000e+04 -3.090505591080727754e-02
2.434500000000000000e+04 -4.291640141491370741e-02
2.440500000000000000e+04 -3.690254904904577415e-02
2.446500000000000000e+04 -3.186340162574197166e-02
2.452500000000000000e+04 -4.779886384403653210e-02
2.458500000000000000e+04 -3.870884230218507582e-02
2.464500000000000000e+04 -1.959324549716257025e-02
2.470500000000000000e+04 -1.245198383458046010e-02
2.476500000000000000e+04 -5.284969624881341588e-03
2.482500000000000000e+04 -1.092117095140565652e-03
2.488500000000000000e+04 -5.873342393897473812e-03
2.494500000000000000e+04 -4.628563582627975848e-03
2.500500000000000000e+04 -4.357700659056717996e-03
2.506500000000000000e+04 -6.060675541448290460e-03
2.512500000000000000e+04 -6.737412089933059178e-03
2.518500000000000000e+04 -2.387836095294915140e-03
2.524500000000000000e+04 -1.201187528931768611e-02
2.530500000000000000e+04 -2.060945934954361292e-02
2.536500000000000000e+04 -1.618051989862578921e-02
2.542500000000000000e+04 -2.172499051266640890e-02
2.548500000000000000e+04 -2.824280671393353259e-02
2.554500000000000000e+04 -3.373390598608239088e-02
2.560500000000000000e+04 -2.619822776978253387e-02
2.566500000000000000e+04 -2.063571346207027091e-02
2.572500000000000000e+04 -2.204630643154814607e-02
2.578500000000000000e+04 -1.142995200643781573e-02
2.584500000000000000e+04 -1.778659748288191622e-02
2.590500000000000000e+04 -2.611619212984805927e-02
2.596500000000000000e+04 -1.441868719030026114e-02
2.602500000000000000e+04 -6.694035874716064427e-03
2.608500000000000000e+04 -9.421933718840591609e-04
2.614500000000000000e+04 -5.163116850781079847e-03
2.620500000000000000e+04 -4.356765457487199455e-03
2.626500000000000000e+04 -1.523100318081560545e-03
2.632500000000000000e+04 1.337915462499950081e-03
2.638500000000000000e+04 8.226316789659904316e-03
2.644500000000000000e+04 -3.857863407574768644e-03
2.650500000000000000e+04 -1.914594190566276666e-03
2.656500000000000000e+04 1.105615340202348307e-02
2.662500000000000000e+04 1.105440633273246931e-02
2.668500000000000000e+04 1.508018958975299029e-02
2.674500000000000000e+04 1.213352616650809068e-02
2.680500000000000000e+04 1.921443707033176906e-02
2.686500000000000000e+04 2.832294132531387731e-02
2.692500000000000000e+04 2.445905596050579334e-02
2.698500000000000000e+04 1.862279602210037410e-02
2.704500000000000000e+04 2.181417456995404791e-02
2.710500000000000000e+04 2.703320266937225824e-02
2.716500000000000000e+04 2.927988941064540995e-02
2.722500000000000000e+04 2.655424188287724974e-02
2.728500000000000000e+04 1.285626520166260889e-02
2.734500000000000000e+04 7.185962491348618641e-03
2.740500000000000000e+04 -4.566651077766437083e-04
2.746500000000000000e+04 -7.071618434565607458e-03
2.752500000000000000e+04 -7.658900314709171653e-03
2.758500000000000000e+04 -2.721851555361354258e-02
2.764500000000000000e+04 -1.875047093290049816e-02
2.770500000000000000e+04 -6.254775216802954674e-03
2.776500000000000000e+04 -3.731439142029557843e-03
2.782500000000000000e+04 -5.180475425731856376e-03
2.788500000000000000e+04 -9.601898751498083584e-03
2.794500000000000000e+04 -1.399572577884100610e-02
2.800500000000000000e+04 -1.836197513330262154e-02
2.806500000000000000e+04 -1.270066741290065693e-02
2.812500000000000000e+04 -1.301182517090637702e-02
2.818500000000000000e+04 -1.029547292910137912e-02
2.824500000000000000e+04 -8.551637170057801995e-03
2.830500000000000000e+04 9.219653670697880443e-03
2.836500000000000000e+04 1.701836920256027952e-02
2.842500000000000000e+04 2.084447707875369815e-02
2.848500000000000000e+04 2.569794301143701887e-02
2.854500000000000000e+04 3.357873076220130315e-02
2.860500000000000000e+04 3.348680215276544914e-02
2.866500000000000000e+04 2.142211706177477026e-02
2.872500000000000000e+04 2.538463344080810202e-02
2.878500000000000000e+04 2.837430730505730025e-02
2.884500000000000000e+04 1.939109273916983511e-02
2.890500000000000000e+04 9.434941905055893585e-03
2.896500000000000000e+04 7.505805047912872396e-03
2.902500000000000000e+04 1.603630492354568560e-03
2.908500000000000000e+04 -5.271635349345160648e-03
2.914500000000000000e+04 -1.612004796606925083e-02
2.920500000000000000e+04 -3.894166476129612420e-02
2.926500000000000000e+04 -4.473654502726276405e-02
2.932500000000000000e+04 -5.150474995571130421e-02
2.938500000000000000e+04 -4.124634263098414522e-02
2.944500000000000000e+04 -3.896138801519555273e-02
2.950500000000000000e+04 -4.664995295388507657e-02
2.956500000000000000e+04 -3.231210616741009289e-02
2.962500000000000000e+04 -1.894791824906860711e-02
2.968500000000000000e+04 -1.557461648189928383e-03
2.974500000000000000e+04 9.859189316557603888e-03
2.980500000000000000e+04 1.730195848085713806e-02
2.986500000000000000e+04 2.577076783109077951e-02
2.992500000000000000e+04 3.226553750664606923e-02
2.998500000000000000e+04 2.778618581760383677e-02
3.004500000000000000e+04 1.833262923901202157e-02
3.010500000000000000e+04 1.890478242330573266e-02
3.016500000000000000e+04 2.150255820288293762e-02
3.022500000000000000e+04 2.812586760319391033e-02
3.028500000000000000e+04 2.377461983815010171e-02
3.034500000000000000e+04 1.444872232877969509e-02
3.040500000000000000e+04 1.814808070048457012e-02
3.046500000000000000e+04 2.287259879267367069e-02
3.052500000000000000e+04 2.662217866691207746e-02
3.058500000000000000e+04 3.139672061388409929e-02
3.064500000000000000e+04 3.519612315994891105e-02
3.070500000000000000e+04 3.402028307482396485e-02
3.076500000000000000e+04 4.786909537233441370e-02
3.082500000000000000e+04 5.174245333273574943e-02
3.088500000000000000e+04 4.164024849069392076e-02
3.094500000000000000e+04 4.156237066217727261e-02
3.100500000000000000e+04 3.550870793969806982e-02
3.106500000000000000e+04 2.647914670069440035e-02
3.112500000000000000e+04 1.947357162407570286e-02
3.118500000000000000e+04 2.149186569022276672e-02
3.124500000000000000e+04 1.653391018862748751e-02
3.130500000000000000e+04 1.599584730684000533e-03
3.136500000000000000e+04 5.688767259925953113e-03
3.142500000000000000e+04 -9.198665948133566417e-03
3.148500000000000000e+04 -1.106284026900539175e-02
3.154500000000000000e+04 -1.090388272768905153e-02
3.160500000000000000e+04 -1.772192198404809460e-02
3.166500000000000000e+04 -1.451708832428266760e-02
3.172500000000000000e+04 -1.728951365839748178e-02
3.178500000000000000e+04 -1.603933149908698397e-02
3.184500000000000000e+04 -8.766676967752573546e-03
3.190500000000000000e+04 -2.471686777425929904e-03
3.196500000000000000e+04 1.845500783019815572e-03
3.202500000000000000e+04 8.184745848666352686e-03
3.208500000000000000e+04 8.545906987819762435e-03
3.214500000000000000e+04 9.928841220244066790e-03
3.220500000000000000e+04 1.533340401692839805e-02
3.226500000000000000e+04 2.075944931948470185e-02
3.232500000000000000e+04 1.820682954348740168e-02
3.238500000000000000e+04 1.767539559205033584e-02
3.244500000000000000e+04 1.816499685810413212e-02
3.250500000000000000e+04 1.967548125048779184e-02
3.256500000000000000e+04 1.920669518585782498e-02
3.262500000000000000e+04 2.275848361750831828e-02
3.268500000000000000e+04 2.433069002927368274e-02
3.274500000000000000e+04 1.992315645111375488e-02
3.280500000000000000e+04 1.153572348266607150e-02
3.286500000000000000e+04 1.682302836343296804e-04
3.292500000000000000e+04 -1.417948539801727748e-02
3.298500000000000000e+04 -2.750758723050239496e-02
3.304500000000000000e+04 -3.081624027254292741e-02
3.310500000000000000e+04 -3.910561096745368559e-02
3.316500000000000000e+04 -4.237586713952623541e-02
3.322500000000000000e+04 -3.862717797437653644e-02
3.328500000000000000e+04 -3.185971400398557307e-02
3.334500000000000000e+04 -2.607364710729598301e-02
3.340500000000000000e+04 -1.526915048452792689e-02
3.346500000000000000e+04 -2.446398658321413677e-03
3.352500000000000000e+04 1.394432544657320250e-03
3.358500000000000000e+04 1.025316600680525880e-02
3.364500000000000000e+04 1.112962332899769535e-02
3.370500000000000000e+04 8.023624843190191314e-03
3.376500000000000000e+04 4.934989624416630249e-03
3.382500000000000000e+04 -5.136464495080872439e-03
3.388500000000000000e+04 -7.190920920038479380e-03
3.394500000000000000e+04 -1.722856426749785896e-02
3.400500000000000000e+04 -4.124958036572934361e-02
3.406500000000000000e+04 -5.325415623792650877e-02
3.412500000000000000e+04 -4.224248008722497616e-02
3.418500000000000000e+04 -3.321474128370027756e-02
3.424500000000000000e+04 -3.317113036155205918e-02
3.430500000000000000e+04 -2.311183898927993141e-02
3.436500000000000000e+04 -1.503705997038196074e-02
3.442500000000000000e+04 -1.194698722156317672e-02
3.448500000000000000e+04 -9.841815771324036177e-03
3.454500000000000000e+04 -1.272174172754603205e-02
3.460500000000000000e+04 -6.586962285837216768e-03
3.466500000000000000e+04 1.056232430255477084e-02
3.472500000000000000e+04 1.272591872930206591e-02
3.478500000000000000e+04 1.090362065497174626e-02
3.484500000000000000e+04 9.095228711885283701e-03
3.490500000000000000e+04 3.300540524833195377e-03
3.496500000000000000e+04 -9.480647274358489085e-03
3.502500000000000000e+04 -8.248539040323521476e-03
3.508500000000000000e+04 -3.003340090799611062e-03
3.514500000000000000e+04 2.547432986830244772e-04
3.520500000000000000e+04 -4.474496086004364770e-03
3.526500000000000000e+04 -1.719126638363377424e-02
3.532500000000000000e+04 -1.789577664567332249e-02
3.538500000000000000e+04 -1.258823682110232767e-02
3.544500000000000000e+04 -6.268857738177757710e-03
3.550500000000000000e+04 -9.378511003887979314e-04
3.556500000000000000e+04 -3.595429454435361549e-03
3.562500000000000000e+04 1.758193803652829956e-03
3.568500000000000000e+04 -2.877195545806898735e-03
3.574500000000000000e+04 -9.501812523922126275e-03
3.580500000000000000e+04 -2.115872954163933173e-03
3.586500000000000000e+04 1.428040655991935637e-02
3.592500000000000000e+04 3.868680865161877591e-02
3.598500000000000000e+04 5.510311520356481196e-02
3.604500000000000000e+04 5.052910735957993893e-02
3.610500000000000000e+04 4.796456554868200328e-02
3.616500000000000000e+04 4.340926948952983366e-02
3.622500000000000000e+04 3.186299821663851617e-02
3.628500000000000000e+04 3.132553007890237495e-02
3.634500000000000000e+04 3.179664278286509216e-02
3.640500000000000000e+04 3.527611337449343409e-02
3.646500000000000000e+04 3.776371827916591428e-02
3.652500000000000000e+04 3.325923330976365833e-02
3.658500000000000000e+04 1.676243367819552077e-02
3.664500000000000000e+04 1.227309401565435110e-02
3.670500000000000000e+04 9.790988387067045551e-03
3.676500000000000000e+04 6.315890308542293496e-03
3.682500000000000000e+04 -3.152427240820543375e-03
3.688500000000000000e+04 -1.161419180061784573e-02
3.694500000000000000e+04 -2.306963141381856985e-02
3.700500000000000000e+04 -3.351897460925101768e-02
3.706500000000000000e+04 -1.496245038470078725e-02
3.712500000000000000e+04 8.599711797614872921e-03
3.718500000000000000e+04 8.167282046997570433e-03
3.724500000000000000e+04 7.740030045169987716e-03
3.730500000000000000e+04 7.317725063330726698e-03
3.736500000000000000e+04 9.900135989482805599e-03
3.742500000000000000e+04 4.487031334065250121e-03
3.748500000000000000e+04 1.107817924457776826e-02
3.754500000000000000e+04 2.667334753368777456e-02
3.760500000000000000e+04 2.627230368489108514e-02
3.766500000000000000e+04 1.287481487361219479e-02
3.772500000000000000e+04 -2.519352017770870589e-03
3.778500000000000000e+04 -7.910430379524768796e-03
3.784500000000000000e+04 -1.329865386651363224e-02
3.790500000000000000e+04 -1.768425637237669434e-02
3.796500000000000000e+04 -2.606747202389669837e-02
3.802500000000000000e+04 -2.844853514852729859e-02
3.808500000000000000e+04 -2.382768027018755674e-02
3.814500000000000000e+04 -1.320514209146494977e-02
3.820500000000000000e+04 3.418844529733178206e-03
3.826500000000000000e+04 1.404404458571661962e-02
3.832500000000000000e+04 1.467022295310016489e-02
3.838500000000000000e+04 1.829714439099916490e-02
3.844500000000000000e+04 1.692457357148668962e-02
3.850500000000000000e+04 1.255227509136602748e-02
3.856500000000000000e+04 3.180013482051435858e-03
3.862500000000000000e+04 -3.192446757566358428e-03
3.868500000000000000e+04 -1.056534115650720196e-02
3.874500000000000000e+04 -6.938905253264238127e-03
3.880500000000000000e+04 1.686625428192201070e-03
3.886500000000000000e+04 3.311015386316285003e-03
3.892500000000000000e+04 -2.065970832518360112e-03
3.898500000000000000e+04 -1.444456862373044714e-02
3.904500000000000000e+04 -1.682501330469676759e-02
3.910500000000000000e+04 -2.120754009865777334e-02
3.916500000000000000e+04 -3.059238411060505314e-02
3.922500000000000000e+04 -3.297978032060200348e-02
3.928500000000000000e+04 -3.636996356181043666e-02
3.934500000000000000e+04 -2.476316850243165391e-02
3.940500000000000000e+04 -2.315962962620687904e-02
3.946500000000000000e+04 -3.055958122604351956e-02
3.952500000000000000e+04 -2.496325737138249679e-02
3.958500000000000000e+04 -7.370891898062836844e-03
3.964500000000000000e+04 9.217281598466797732e-03
3.970500000000000000e+04 8.801029800451942720e-03
3.976500000000000000e+04 3.380119673238368705e-03
3.982500000000000000e+04 1.095431848534644814e-02
3.988500000000000000e+04 2.352339381832280196e-02
3.994500000000000000e+04 1.908711359919834649e-02
4.000500000000000000e+04 1.664524610532680526e-02
4.006500000000000000e+04 3.119755998704931699e-02
4.012500000000000000e+04 3.874382427966338582e-02
4.018500000000000000e+04 2.828380843311606441e-02
4.024500000000000000e+04 2.181728231153101660e-02
4.030500000000000000e+04 2.734401623092708178e-02
4.036500000000000000e+04 3.386378095547115663e-02
4.042500000000000000e+04 3.037634773136232980e-02
4.048500000000000000e+04 1.488148829594138078e-02
4.054500000000000000e+04 1.937897490006434964e-02
4.060500000000000000e+04 2.486858031625160947e-02
4.066500000000000000e+04 2.235007786839560140e-02
4.072500000000000000e+04 1.782324144005542621e-02
4.078500000000000000e+04 7.287845495739020407e-03
4.084500000000000000e+04 -2.563349034971906804e-04
4.090500000000000000e+04 -4.809524081792915240e-03
4.096500000000000000e+04 -1.437194573463784764e-02
4.102500000000000000e+04 -2.694382289882923942e-02
4.108500000000000000e+04 -2.752537795913667651e-02
4.114500000000000000e+04 -3.111683260249265004e-02
4.120500000000000000e+04 -3.171840782761137234e-02
4.126500000000000000e+04 -3.233032390380685683e-02
4.132500000000000000e+04 -4.995280037383054150e-02
4.138500000000000000e+04 -5.658605602275201818e-02
4.144500000000000000e+04 -4.423030886937340256e-02
4.150500000000000000e+04 -2.888577614612586331e-02
4.156500000000000000e+04 -2.655267427599028451e-02
4.162500000000000000e+04 -3.523121886792068835e-02
4.168500000000000000e+04 -2.492162468752212590e-02
4.174500000000000000e+04 -5.624105651804711670e-03
4.180500000000000000e+04 -1.338874798420874868e-03
4.186500000000000000e+04 -3.066144279728177935e-03
4.192500000000000000e+04 -6.806125342336599715e-03
4.198500000000000000e+04 -1.555902831023558974e-02
4.204500000000000000e+04 -2.532506256466149352e-02
4.210500000000000000e+04 -3.310443653299444122e-02
4.216500000000000000e+04 -2.289735766862577293e-02
4.222500000000000000e+04 -1.570403243567852769e-02
4.228500000000000000e+04 -1.952466628517868230e-02
4.234500000000000000e+04 -1.535946365311247064e-02
4.240500000000000000e+04 1.791372070329089183e-03
4.246500000000000000e+04 8.927638551540439948e-03
4.252500000000000000e+04 -8.950865470069402363e-03
4.258500000000000000e+04 -1.684434016351588070e-02
4.264500000000000000e+04 -5.752984596256283112e-03
4.270500000000000000e+04 -3.676996704598423094e-03
4.276500000000000000e+04 -9.616573290259111673e-03
4.282500000000000000e+04 -1.157190999583690427e-02
4.288500000000000000e+04 -1.354320129303232534e-02
4.294500000000000000e+04 -2.053064046594954561e-02
4.300500000000000000e+04 -2.253441959419433260e-02
4.306500000000000000e+04 -1.055472953248681733e-02
4.312500000000000000e+04 -2.591759899587486871e-03
4.318500000000000000e+04 -8.645699063890788238e-03
4.324500000000000000e+04 -1.171673411954543553e-02
4.330500000000000000e+04 -3.805050881055649370e-03
4.336500000000000000e+04 1.089166144993214402e-03
4.342500000000000000e+04 1.965733761608134955e-03
4.348500000000000000e+04 8.824470110994298011e-03
4.354500000000000000e+04 1.466519468249316560e-02
4.360500000000000000e+04 1.348772832625400042e-02
4.366500000000000000e+04 9.291893275985785294e-03
4.372500000000000000e+04 4.077513161973911338e-03
4.378500000000000000e+04 9.844413019891362637e-03
4.384500000000000000e+04 1.859241931742872111e-02
4.390500000000000000e+04 2.032135996250872267e-02
4.396500000000000000e+04 2.003106431584456004e-02
4.402500000000000000e+04 1.472136321353900712e-02
4.408500000000000000e+04 1.839208898127253633e-02
4.414500000000000000e+04 3.404307544133189367e-02
4.420500000000000000e+04 2.767415794096450554e-02
4.426500000000000000e+04 1.828517334979551379e-02
4.432500000000000000e+04 1.587596008994296426e-02
4.438500000000000000e+04 9.446358149034495000e-03
4.444500000000000000e+04 -3.003790919137827586e-03
4.450500000000000000e+04 -1.447464396005671006e-02
4.456500000000000000e+04 -1.296635622111352859e-02
4.462500000000000000e+04 -7.479081325982406270e-03
4.468500000000000000e+04 -1.012971265481610317e-03
4.474500000000000000e+04 1.043182361809158465e-02
4.480500000000000000e+04 1.385515464608033653e-02
4.486500000000000000e+04 2.568748122939723544e-04
4.492500000000000000e+04 -8.363161196939472575e-03
4.498500000000000000e+04 -1.300509698830865091e-02
4.504500000000000000e+04 -1.466907445228571305e-02
4.510500000000000000e+04 -1.935523375232151011e-02
4.516500000000000000e+04 -2.906371329845569562e-02
4.522500000000000000e+04 -3.779464975013979711e-02
4.528500000000000000e+04 -4.454817798523436068e-02
4.534500000000000000e+04 -3.932443110716121737e-02
4.540500000000000000e+04 -1.612354041299113305e-02
4.546500000000000000e+04 8.054364609961339738e-03
4.552500000000000000e+04 -1.790843703020073008e-03
4.558500000000000000e+04 -1.165929117814812344e-02
4.564500000000000000e+04 2.448898208967875689e-03
4.570500000000000000e+04 1.653360234467982082e-02
4.576500000000000000e+04 2.159470099286409095e-02
4.582500000000000000e+04 2.863207580139714992e-02
4.588500000000000000e+04 3.964561032171332045e-02
4.594500000000000000e+04 2.763519001291570021e-02
4.600500000000000000e+04 1.160070226251264103e-02
4.606500000000000000e+04 2.254203639313345775e-02
4.612500000000000000e+04 2.845908367635274772e-02
4.618500000000000000e+04 1.735173734050476924e-02
4.624500000000000000e+04 1.219892584231274668e-03
4.630500000000000000e+04 1.063446596162975766e-03
4.636500000000000000e+04 6.882298549498955254e-03
4.642500000000000000e+04 1.567634963066666387e-02
4.648500000000000000e+04 2.644550303557480220e-02
4.654500000000000000e+04 3.518966399587952765e-02
4.660500000000000000e+04 3.490873977170849685e-02
4.666500000000000000e+04 2.460263967623177450e-02
4.672500000000000000e+04 1.927127508497505914e-02
4.678500000000000000e+04 1.991455943971232045e-02
4.684500000000000000e+04 1.753240825928514823e-02
4.690500000000000000e+04 1.512473915954615222e-02
4.696500000000000000e+04 -3.085281477979151532e-04
4.702500000000000000e+04 -1.376747184440318961e-02
4.708500000000000000e+04 -1.625216798584006028e-02
4.714500000000000000e+04 -1.576269049837719649e-02
4.720500000000000000e+04 -8.299111177620943636e-03
4.726500000000000000e+04 -2.861499664504663087e-03
4.732500000000000000e+04 -6.449923444051819388e-03
4.738500000000000000e+04 -5.064447836957697291e-03
4.744500000000000000e+04 1.294864008741569705e-03
4.750500000000000000e+04 5.627951136375486385e-03
4.756500000000000000e+04 1.593475476965977577e-02
4.762500000000000000e+04 2.321521834437589860e-02
4.768500000000000000e+04 1.546928749485232402e-02
4.774500000000000000e+04 4.696910075836058240e-03
4.780500000000000000e+04 2.898036166698148008e-03
4.786500000000000000e+04 8.072618079495441634e-03
4.792500000000000000e+04 1.122061036221566610e-02
4.798500000000000000e+04 1.034196981709101237e-02
4.804500000000000000e+04 1.643665548544959165e-02
4.810500000000000000e+04 1.550462868726754095e-02
4.816500000000000000e+04 1.545853000607166905e-03
4.822500000000000000e+04 -1.043970572482066927e-02
4.828500000000000000e+04 -1.545207934759673662e-02
4.834500000000000000e+04 -2.149129744793754071e-02
4.840500000000000000e+04 -2.455738730986922747e-02
4.846500000000000000e+04 -1.665037391740042949e-02
4.852500000000000000e+04 -1.377027995113166980e-02
4.858500000000000000e+04 -1.391712577787984628e-02
4.864500000000000000e+04 -1.209092944918666035e-02
4.870500000000000000e+04 -2.429170669620361878e-02
4.876500000000000000e+04 -2.151947092352202162e-02
4.882500000000000000e+04 -1.774233203832409345e-03
4.888500000000000000e+04 2.943997727015812416e-03
4.894500000000000000e+04 1.635215471651463304e-03
4.900500000000000000e+04 -6.700584021928079892e-03
4.906500000000000000e+04 -1.406340245375758968e-02
4.912500000000000000e+04 -2.045323917536734371e-02
4.918500000000000000e+04 -3.587009118109563133e-02
4.924500000000000000e+04 -4.531395310186780989e-02
4.930500000000000000e+04 -2.378481721007119631e-02
4.936500000000000000e+04 -1.428267340907041216e-02
4.942500000000000000e+04 -2.480750923405139474e-02
4.948500000000000000e+04 -2.335930984645528952e-02
4.954500000000000000e+04 -1.293805803834402468e-02
4.960500000000000000e+04 -3.543734220329497475e-03
4.966500000000000000e+04 -1.217631642703054240e-02
4.972500000000000000e+04 -8.835780310619156808e-03
4.978500000000000000e+04 7.477900852791208308e-03
4.984500000000000000e+04 -2.235243819995957892e-03
4.990500000000000000e+04 -7.975182837071770336e-03
4.996500000000000000e+04 2.581176831881748512e-04
5.002500000000000000e+04 4.646940087695838884e-04
5.008500000000000000e+04 1.464458479222230380e-02
5.014500000000000000e+04 6.797831075346039142e-03
5.020500000000000000e+04 -2.075523712846916169e-03
5.026500000000000000e+04 7.024566238214902114e-03
5.032500000000000000e+04 -1.090185087014106102e-02
5.038500000000000000e+04 -1.385472445326740853e-02
5.044500000000000000e+04 7.165998459640832152e-03
5.050500000000000000e+04 8.160373225109651685e-03
5.056500000000000000e+04 1.112845757506875088e-02
5.062500000000000000e+04 1.807031162752537057e-02
5.068500000000000000e+04 1.898599787728016963e-02
5.074500000000000000e+04 3.287558119427558267e-02
5.080500000000000000e+04 2.573912882780859945e-02
5.086500000000000000e+04 9.576710393048415426e-03
5.092500000000000000e+04 1.938839787362667266e-02
5.098500000000000000e+04 1.417426562511536758e-02
5.104500000000000000e+04 1.793439035918709124e-02
5.110500000000000000e+04 2.066885114982142113e-02
5.116500000000000000e+04 8.377729423045821022e-03
5.122500000000000000e+04 1.806110895540768979e-02
5.128500000000000000e+04 2.371907587530586170e-02
5.134500000000000000e+04 2.135171864483709214e-02
5.140500000000000000e+04 2.895912806889100466e-02
5.146500000000000000e+04 1.654139727907022461e-02
5.152500000000000000e+04 1.098621741220995318e-03
5.158500000000000000e+04 -7.369100771029479802e-03
5.164500000000000000e+04 -2.886167015549290227e-02
5.170500000000000000e+04 -3.037898401362326695e-02
5.176500000000000000e+04 -2.792093764128367184e-02
5.182500000000000000e+04 -3.648742403311189264e-02
5.188500000000000000e+04 -3.407833390792802675e-02
5.194500000000000000e+04 -3.169355569207255030e-02
5.200500000000000000e+04 -1.533297554851742461e-02
5.206500000000000000e+04 3.522630322549957782e-06
5.212500000000000000e+04 -1.668394279749918496e-02
5.218500000000000000e+04 -1.439525121531914920e-02
5.224500000000000000e+04 -1.302797809330513701e-04
5.230500000000000000e+04 -1.388890341240767157e-02
5.236500000000000000e+04 -1.067099480405886425e-02
5.242500000000000000e+04 -4.764244522448279895e-04
5.248500000000000000e+04 3.694939359775162302e-03
5.254500000000000000e+04 1.843230532358575147e-03
5.260500000000000000e+04 9.968585151909792330e-03
5.266500000000000000e+04 2.007114146817912115e-02
5.272500000000000000e+04 2.015103989742783597e-02
5.278500000000000000e+04 6.208422991221596021e-03
5.284500000000000000e+04 -9.756564553754287772e-03
5.290500000000000000e+04 1.256224078133527655e-03
5.296500000000000000e+04 1.824693781054520514e-02
5.302500000000000000e+04 2.221572767030011164e-02
5.308500000000000000e+04 1.816274676093598828e-02
5.314500000000000000e+04 1.708815026540833060e-02
5.320500000000000000e+04 1.499209541907475796e-02
5.326500000000000000e+04 1.987474150246271165e-02
5.332500000000000000e+04 1.373624982170440489e-02
5.338500000000000000e+04 6.576783705895650201e-03
5.344500000000000000e+04 1.839650847614393570e-02
5.350500000000000000e+04 2.019559143718652194e-02
5.356500000000000000e+04 2.597420186793897301e-02
5.362500000000000000e+04 2.973251099774643080e-02
5.368500000000000000e+04 2.847069198651297484e-02
5.374500000000000000e+04 2.118891992085991660e-02
5.380500000000000000e+04 9.887371787044685334e-03
5.386500000000000000e+04 7.566226455310243182e-03
5.392500000000000000e+04 6.225664668818353675e-03
5.398500000000000000e+04 -1.134130990067205857e-03
5.404500000000000000e+04 -6.512976099656953011e-03
5.410500000000000000e+04 -7.910684425951330923e-03
5.416500000000000000e+04 -1.132706794942350825e-02
5.422500000000000000e+04 -7.619368707310059108e-04
5.428500000000000000e+04 1.178490036909352057e-02
5.434500000000000000e+04 2.313637046427174937e-03
5.440500000000000000e+04 -1.755318344294209965e-04
5.446500000000000000e+04 2.317590417078463361e-03
5.452500000000000000e+04 -1.420679783495870652e-02
5.458500000000000000e+04 -1.974849658108723816e-02
5.464500000000000000e+04 -1.230730418046732666e-02
5.470500000000000000e+04 -4.883017390056920704e-03
5.476500000000000000e+04 3.524568618558987509e-03
5.482500000000000000e+04 7.915660232356458437e-03
5.488500000000000000e+04 1.429046537123213056e-02
5.494500000000000000e+04 1.964919347301474772e-02
5.500500000000000000e+04 2.399205545680160867e-02
5.506500000000000000e+04 2.731926370779547142e-02
5.512500000000000000e+04 1.863103204777871724e-02
5.518500000000000000e+04 1.392757571829861263e-02
5.524500000000000000e+04 1.920911133402114501e-02
5.530500000000000000e+04 2.347585688494291389e-02
5.536500000000000000e+04 1.172803168537939200e-02
5.542500000000000000e+04 1.096585636059899116e-02
5.548500000000000000e+04 1.618955281719536288e-02
5.554500000000000000e+04 3.399344209356058855e-03
5.560500000000000000e+04 3.595454923015495297e-03
5.566500000000000000e+04 5.778110527899116278e-03
5.572500000000000000e+04 6.947537773157819174e-03
5.578500000000000000e+04 1.010396453420980833e-02
5.584500000000000000e+04 8.247619801295513753e-03
5.590500000000000000e+04 1.137873363495600643e-02
5.596500000000000000e+04 -7.502462851334712468e-03
5.602500000000000000e+04 -1.239573752900469117e-02
5.608500000000000000e+04 1.699142705547274090e-03
5.614500000000000000e+04 3.782411920838057995e-03
5.620500000000000000e+04 8.543050962543929927e-04
5.626500000000000000e+04 -1.408494189945486141e-02
5.632500000000000000e+04 -2.503509234156808816e-02
5.638500000000000000e+04 -2.999590868603263516e-02
5.644500000000000000e+04 -3.596715260482596932e-02
5.650500000000000000e+04 -3.994858501573617104e-02
5.656500000000000000e+04 -3.493996611632610438e-02
5.662500000000000000e+04 -2.694105543105251854e-02
5.668500000000000000e+04 -2.595161182944139000e-02
5.674500000000000000e+04 -1.497139357343257871e-02
5.680500000000000000e+04 -1.000015835597878322e-02
5.686500000000000000e+04 -2.037663331066141836e-03
5.692500000000000000e+04 -1.008366515088710003e-02
5.698500000000000000e+04 -1.013792001504043583e-02
5.704500000000000000e+04 2.799816308652225416e-03
5.710500000000000000e+04 -6.270211572882544715e-03
5.716500000000000000e+04 6.522412959384382702e-04
5.722500000000000000e+04 -4.432579825333959889e-03
5.728500000000000000e+04 -7.524429415752820205e-03
5.734500000000000000e+04 -6.230617264009197243e-04
5.740500000000000000e+04 4.271769162187410984e-03
5.746500000000000000e+04 1.716030932675494114e-02
5.752500000000000000e+04 1.104280492654652335e-02
5.758500000000000000e+04 6.919502185155579355e-03
5.764500000000000000e+04 -4.209352664474863559e-03
5.770500000000000000e+04 -1.034351341968431370e-02
5.776500000000000000e+04 -1.448273395544674713e-02
5.782500000000000000e+04 -1.762676826456299750e-02
5.788500000000000000e+04 -9.775370504030433949e-03
5.794500000000000000e+04 -6.928295042598620057e-03
5.800500000000000000e+04 3.914703494046989363e-03
5.806500000000000000e+04 1.753870180436933879e-03
5.812500000000000000e+04 -4.410550262946344446e-03
5.818500000000000000e+04 2.421686491288710386e-03
5.824500000000000000e+04 1.250824319868115708e-03
5.830500000000000000e+04 5.077106610769988038e-03
5.836500000000000000e+04 4.900776206341106445e-03
5.842500000000000000e+04 7.220753604997298680e-04
5.848500000000000000e+04 5.541245680433348753e-03
5.854500000000000000e+04 -6.414719191525364295e-04
5.860500000000000000e+04 -2.825837262207642198e-03
5.866500000000000000e+04 -5.011610975998337381e-03
5.872500000000000000e+04 -1.719855452665797202e-02
5.878500000000000000e+04 -1.738643028602382401e-02
5.884500000000000000e+04 -1.657500157762115123e-02
5.890500000000000000e+04 -1.776403273015603190e-02
5.896500000000000000e+04 -1.195328913763660239e-02
5.902500000000000000e+04 -7.142537298022944015e-03
5.908500000000000000e+04 -8.331544894645048771e-03
5.914500000000000000e+04 -8.520080828930076677e-03
5.920500000000000000e+04 -7.707915282480826136e-03
5.926500000000000000e+04 -2.289481978550611529e-02
5.932500000000000000e+04 -1.208056725499773165e-02
5.938500000000000000e+04 -1.326493206943268888e-02
5.944500000000000000e+04 -1.544769011525204405e-02
5.950500000000000000e+04 -1.162861885768506909e-02
5.956500000000000000e+04 -1.680749738534359494e-02
5.962500000000000000e+04 -5.984106484902440570e-03
5.968500000000000000e+04 -7.158228692787815817e-03
5.974500000000000000e+04 -1.132964835869643139e-02
5.980500000000000000e+04 -1.449815170599322300e-02
5.986500000000000000e+04 -7.663526899705175310e-03
5.992500000000000000e+04 5.174435897970397491e-03
5.998500000000000000e+04 1.001594445915543474e-02
6.004500000000000000e+04 5.861204428583732806e-03
6.010500000000000000e+04 -2.289580737851792946e-03
6.016500000000000000e+04 6.563790149812120944e-03
6.022500000000000000e+04 1.421515969923348166e-03
6.028500000000000000e+04 -4.716206801276712213e-03
6.034500000000000000e+04 -1.849184133789094631e-03
6.040500000000000000e+04 -1.977224530492094345e-03
6.046500000000000000e+04 -9.100139075599145144e-03
6.052500000000000000e+04 -6.217741525688325055e-03
6.058500000000000000e+04 6.701516431348863989e-04
6.064500000000000000e+04 -4.436278855791897513e-03
6.070500000000000000e+04 -9.536855168335023336e-03
6.076500000000000000e+04 -9.631402388549759053e-03
6.082500000000000000e+04 -7.719748620729660615e-03
6.088500000000000000e+04 1.982749445232911967e-04
6.094500000000000000e+04 8.122833959532727022e-03
6.100500000000000000e+04 -3.945909155845583882e-03
6.106500000000000000e+04 -6.007795283949235454e-03
6.112500000000000000e+04 -3.062668693928571884e-03
6.118500000000000000e+04 -5.110377102027996443e-03
6.124500000000000000e+04 -6.150771760076167993e-03
6.130500000000000000e+04 -3.183707527568913065e-03
6.136500000000000000e+04 4.790957049408461899e-03
6.142500000000000000e+04 2.773359667116892524e-03
6.148500000000000000e+04 1.276363417582615511e-02
6.154500000000000000e+04 1.376191051076602889e-02
6.160500000000000000e+04 -2.231685398328409065e-03
6.166500000000000000e+04 2.782968299470667262e-03
6.172500000000000000e+04 1.180598929931875318e-02
6.178500000000000000e+04 1.683749104995513335e-02
6.184500000000000000e+04 2.487758267398021417e-02
6.190500000000000000e+04 1.092636888461129274e-02
6.196500000000000000e+04 2.983949916597339325e-03
6.202500000000000000e+04 1.605042141000012634e-02
6.208500000000000000e+04 2.612587436306057498e-02
6.214500000000000000e+04 2.621039501536870375e-02
6.220500000000000000e+04 1.830406478165969020e-02
6.226500000000000000e+04 2.040696015683352016e-02
6.232500000000000000e+04 2.251915262968395837e-02
6.238500000000000000e+04 1.864070859573985217e-02
6.244500000000000000e+04 1.577168926451122388e-02
6.250500000000000000e+04 6.912150577591091860e-03
6.256500000000000000e+04 1.062143111994373612e-03
6.262500000000000000e+04 1.221711991092888638e-03
6.268500000000000000e+04 6.390896794073341880e-03
6.274500000000000000e+04 8.569731466195662506e-03
6.280500000000000000e+04 1.075824421877769055e-02
6.286500000000000000e+04 1.095645744135254063e-02
6.292500000000000000e+04 2.316438760863093194e-02
6.298500000000000000e+04 2.638204518007114530e-02
6.304500000000000000e+04 1.460943450911145192e-02
6.310500000000000000e+04 1.084655373961140867e-02
6.316500000000000000e+04 1.309339472481951816e-02
6.322500000000000000e+04 1.334994290755275870e-02
6.328500000000000000e+04 1.161617724028474186e-02
6.334500000000000000e+04 8.892070080946723465e-03
6.340500000000000000e+04 3.177587082063837443e-03
6.346500000000000000e+04 -4.527312890786561184e-03
6.352500000000000000e+04 2.777322123620251659e-03
6.358500000000000000e+04 4.091437091119587421e-03
6.364500000000000000e+04 -8.585030130234372336e-03
6.370500000000000000e+04 -1.825214888594928198e-02
6.376500000000000000e+04 -2.090999582924268907e-02
6.382500000000000000e+04 -2.355865503341192380e-02
6.388500000000000000e+04 -1.919821808678534580e-02
6.394500000000000000e+04 -1.582878421322675422e-02
6.400500000000000000e+04 -1.545046036153507885e-02
6.406500000000000000e+04 -1.006336132559226826e-02
6.412500000000000000e+04 -2.667609854142938275e-03
6.418500000000000000e+04 -6.263336745178094134e-03
6.424500000000000000e+04 -8.850680980685865507e-03
6.430500000000000000e+04 -5.429789812296803575e-03
6.436500000000000000e+04 -6.000818887514469679e-03
6.442500000000000000e+04 -1.563932359204045497e-03
6.448500000000000000e+04 2.880697004911780823e-03
6.454500000000000000e+04 5.332887704753375147e-03
6.460500000000000000e+04 4.792449391061381903e-03
6.466500000000000000e+04 9.259182758796669077e-03
6.472500000000000000e+04 9.732879420880635735e-03
6.478500000000000000e+04 5.213321801420534030e-03
6.484500000000000000e+04 -5.299716992340108845e-03
6.490500000000000000e+04 -1.380647328187478706e-02
6.496500000000000000e+04 -7.307192936423234642e-03
6.502500000000000000e+04 -6.802131500990071800e-03
6.508500000000000000e+04 -8.291554299830750097e-03
6.514500000000000000e+04 -1.077573657948960317e-02
6.520500000000000000e+04 -1.025496361944533419e-02
6.526500000000000000e+04 -5.729530847020214424e-03
6.532500000000000000e+04 -1.019974397968326230e-02
6.538500000000000000e+04 -1.166591914261516649e-02
6.544500000000000000e+04 -1.283829851672635414e-04
6.550500000000000000e+04 3.412527178625168744e-03
6.556500000000000000e+04 -1.004353674488811521e-02
6.562500000000000000e+04 -1.349693376778304810e-02
6.568500000000000000e+04 -4.948033940308960155e-03
6.574500000000000000e+04 -3.972184813392232172e-04
6.580500000000000000e+04 -7.844879923140979372e-03
6.586500000000000000e+04 -2.914222159233759157e-04
6.592500000000000000e+04 1.226273911106545711e-02
6.598500000000000000e+04 7.817176838216255419e-03
6.604500000000000000e+04 7.371451914877980016e-03
6.610500000000000000e+04 1.292511332030699123e-02
6.616500000000000000e+04 1.347769793301267782e-02
6.622500000000000000e+04 7.028730393358273432e-03
6.628500000000000000e+04 9.577722969879687298e-03
6.634500000000000000e+04 1.712417541057220660e-02
6.640500000000000000e+04 1.166757482405955670e-02
6.646500000000000000e+04 5.207395513025403488e-03
6.652500000000000000e+04 -3.256901140048285015e-03
6.658500000000000000e+04 -7.725866832515748683e-03
6.664500000000000000e+04 -1.420006647003901890e-02
6.670500000000000000e+04 -1.868007832854345907e-02
