-1.099500000000010914e+04 1.040573013506218558e-02
-1.009500000000010914e+04 1.007434381699567894e-02
-9.195000000000109139e+03 7.532669694228388835e-03
-8.295000000000109139e+03 5.044001042733725626e-03
-7.395000000000109139e+03 2.885623362999467645e-03
-6.495000000000109139e+03 3.342799522215500474e-03
-6.435000000000109139e+03 2.699988160202337895e-03
-6.375000000000000000e+03 3.056831434150808491e-03
-6.315000000000000000e+03 3.413414226997701917e-03
-6.254999999999890861e+03 2.769821324363874737e-03
-6.195000000000109139e+03 2.126137424056651071e-03
-6.135000000000109139e+03 2.482447120200959034e-03
-6.075000000000000000e+03 2.838834891008445993e-03
-6.015000000000000000e+03 3.195385099388659000e-03
-5.954999999999890861e+03 2.552181987994117662e-03
-5.894999999999890861e+03 2.909309654569369741e-03
-5.835000000000109139e+03 3.266852071647008415e-03
-5.775000000000000000e+03 2.624893055326538160e-03
-5.715000000000000000e+03 3.983516272455744911e-03
-5.654999999999890861e+03 4.342805224951007403e-03
-5.594999999999890861e+03 3.702843250721343793e-03
-5.535000000000109139e+03 3.063713507799548097e-03
-5.475000000000000000e+03 2.425498977572715376e-03
-5.415000000000000000e+03 2.788282447909296025e-03
-5.354999999999890861e+03 2.152146507796715014e-03
-5.294999999999890861e+03 2.517173551495943684e-03
-5.235000000000109139e+03 1.883445756902801804e-03
-5.175000000000000000e+03 1.251045084245561156e-03
-5.115000000000000000e+03 1.620053272745280992e-03
-5.054999999999890861e+03 9.905518309096805751e-04
-4.994999999999890861e+03 1.362622028864279855e-03
-4.935000000000109139e+03 1.736344891469343565e-03
-4.875000000000000000e+03 1.111801195293082856e-03
-4.815000000000000000e+03 1.489071455580415204e-03
-4.754999999999890861e+03 8.682359239173820242e-04
-4.694999999999890861e+03 1.249374584403994959e-03
-4.635000000000109139e+03 6.325671429294743575e-04
-4.575000000000000000e+03 1.789301859389524907e-05
-4.515000000000000000e+03 4.054313412780174986e-04
-4.454999999999890861e+03 7.952609421408851631e-04
-4.394999999999890861e+03 1.187460352412017528e-03
-4.335000000000109139e+03 1.582107792273745872e-03
-4.275000000000000000e+03 9.792811624720343389e-04
-4.215000000000000000e+03 3.790580440181656741e-04
-4.154999999999890861e+03 -2.184843096983968280e-04
-4.094999999999890861e+03 1.867310165835078806e-04
-4.035000000000109139e+03 5.947805993855581619e-04
-3.975000000000000000e+03 1.005740665277699009e-03
-3.915000000000000000e+03 4.196870877422043122e-04
-3.855000000000000000e+03 8.366953834411106072e-04
-3.794999999999890861e+03 2.568406998761929572e-04
-3.735000000000109139e+03 -3.198021859134314582e-04
-3.675000000000000000e+03 -8.931588781706523150e-04
-3.615000000000000000e+03 -4.631553583749337122e-04
-3.555000000000000000e+03 -1.029718003337620758e-03
-3.494999999999890861e+03 4.072264209753484465e-04
-3.435000000000109139e+03 -1.522492575531941839e-04
-3.375000000000000000e+03 -7.080726236381451599e-04
-3.315000000000000000e+03 -2.601716623757965863e-04
-3.255000000000000000e+03 -8.084747878456255421e-04
-3.194999999999890861e+03 -1.352910826426523272e-03
-3.135000000000109139e+03 -8.934090519687742926e-04
-3.075000000000000000e+03 -1.429899159120395780e-03
-3.015000000000000000e+03 -1.962311284842144232e-03
-2.955000000000000000e+03 -2.490576019226864446e-03
-2.894999999999890861e+03 -3.014624397110310383e-03
-2.835000000000109139e+03 -2.534387917876301799e-03
-2.775000000000000000e+03 -3.049798538086179178e-03
-2.715000000000000000e+03 -2.560788681876147166e-03
-2.655000000000000000e+03 -4.067291247338289395e-03
-2.594999999999890861e+03 -2.569239612057572231e-03
-2.535000000000109139e+03 -3.066567638597916812e-03
-2.475000000000000000e+03 -3.559209674676822033e-03
-2.415000000000000000e+03 -2.047100560957915150e-03
-2.355000000000000000e+03 -2.530175638639775570e-03
-2.294999999999890861e+03 -3.008370757015654817e-03
-2.235000000000109139e+03 -2.481622263076133095e-03
-2.175000000000000000e+03 -1.949867028088192455e-03
-2.115000000000000000e+03 -2.413042438092816155e-03
-2.055000000000000000e+03 -2.871086398045008536e-03
-1.994999999999890861e+03 -2.323937345863669179e-03
-1.935000000000109139e+03 -1.771534251020057127e-03
-1.875000000000000000e+03 -2.213816618677810766e-03
-1.815000000000000000e+03 -2.650724497470946517e-03
-1.755000000000000000e+03 -2.082198479001817759e-03
-1.694999999999890861e+03 -2.508179712094715796e-03
-1.635000000000109139e+03 -1.928609895003319252e-03
-1.575000000000000000e+03 -1.343431289569707587e-03
-1.515000000000000000e+03 -1.752586720613180660e-03
-1.455000000000000000e+03 -1.156019576228572987e-03
-1.394999999999890861e+03 -1.553673831949708983e-03
-1.335000000000109139e+03 -1.945494021128979512e-03
-1.275000000000000000e+03 -2.331425271222542506e-03
-1.215000000000000000e+03 -1.711413293378427625e-03
-1.155000000000000000e+03 -1.085404381228727289e-03
-1.094999999999890861e+03 -1.453345429581531789e-03
-1.035000000000109139e+03 -1.815183930375496857e-03
-9.750000000000000000e+02 -1.170867968539823778e-03
-9.150000000000000000e+02 -1.520346240795333870e-03
-8.550000000000000000e+02 -8.635680569568648934e-04
-7.949999999998908606e+02 -1.200483327920665033e-03
-7.350000000001091394e+02 4.689574107032967731e-04
-6.750000000000000000e+02 1.448030034225666896e-04
-6.150000000000000000e+02 -1.728983252178295515e-04
-5.550000000000000000e+02 -4.840989786316640675e-04
-4.949999999998908606e+02 2.112480033247265965e-04
-4.350000000001091394e+02 -1.086811047571245581e-03
-3.750000000000000000e+02 -3.782304356718668714e-04
-3.150000000000000000e+02 -6.629651152252336033e-04
-2.550000000000000000e+02 5.902932571189012378e-05
-1.949999999998908606e+02 -1.212203358591068536e-03
-1.350000000001091394e+02 -4.766200545418541878e-04
-7.500000000000000000e+01 -7.341783102674526162e-04
-1.500000000000000000e+01 -9.848363279161276296e-04
4.500000000000000000e+01 -1.228552971042518038e-03
1.050000000001091394e+02 -1.465287765313405544e-03
1.649999999998908606e+02 -6.950009028514614329e-04
2.250000000000000000e+02 -9.176532439596485347e-04
2.850000000000000000e+02 8.667936763231409714e-04
3.450000000000000000e+02 -4.341622348874807358e-03
4.050000000001091394e+02 -1.542864201837801374e-03
4.649999999998908606e+02 1.263104548343108036e-03
5.250000000000000000e+02 2.076319658044667449e-03
5.850000000000000000e+02 -3.103183809798792936e-03
6.450000000000000000e+02 7.246285240398719907e-04
7.050000000001091394e+02 -1.544020964956871467e-02
7.649999999998908606e+02 7.240233466745849000e-02
8.250000000000000000e+02 -9.274770622778305551e-02
8.850000000000000000e+02 3.110969926819961984e-02
9.450000000000000000e+02 4.974582062459376175e-03
1.005000000000109139e+03 1.846972354542231187e-03
1.064999999999890861e+03 7.268996432685526088e-04
1.125000000000000000e+03 6.614392722440243233e-03
1.185000000000000000e+03 -3.949052032567124115e-02
1.245000000000000000e+03 4.641218787128309486e-02
1.305000000000109139e+03 -2.667745602411741856e-02
1.364999999999890861e+03 8.240573937655426562e-03
1.425000000000000000e+03 -5.833697015077632386e-03
1.485000000000000000e+03 1.099755632822052576e-03
1.545000000000000000e+03 1.304095567684271373e-02
1.605000000000109139e+03 -1.001007380909868516e-02
1.664999999999890861e+03 1.794668952607025858e-02
1.725000000000000000e+03 -2.208873269137257012e-02
1.785000000000000000e+03 5.883680438273586333e-03
1.845000000000000000e+03 3.863949092192342505e-03
1.905000000000109139e+03 1.685209271272469778e-02
1.964999999999890861e+03 -2.215186998273566132e-02
2.025000000000000000e+03 -1.014792101068451302e-02
2.085000000000000000e+03 2.186395688113407232e-02
2.145000000000000000e+03 1.888378020885284059e-02
2.205000000000109139e+03 -1.008843524323310703e-02
2.264999999999890861e+03 -2.305267442443437176e-02
2.325000000000000000e+03 -6.008923029185098130e-03
2.385000000000000000e+03 5.042832519393414259e-03
2.445000000000000000e+03 2.210260504944017157e-02
2.505000000000109139e+03 -1.982959334054612555e-02
2.564999999999890861e+03 1.124624870044499403e-02
2.625000000000000000e+03 -3.669858211651444435e-03
2.685000000000000000e+03 -5.577904210440465249e-03
2.745000000000000000e+03 -5.477880168655246962e-03
2.805000000000109139e+03 1.963022230211208807e-02
2.864999999999890861e+03 -2.825358916197728831e-02
2.925000000000000000e+03 1.187069233856163919e-02
2.985000000000000000e+03 2.003072954721574206e-03
3.045000000000000000e+03 -2.856441909898421727e-03
3.105000000000109139e+03 -3.707847590703750029e-03
3.164999999999890861e+03 4.448859828698914498e-03
3.225000000000000000e+03 2.613683512208808679e-03
3.285000000000000000e+03 -1.213374112921883352e-03
3.345000000000000000e+03 -4.032311370792740490e-03
3.405000000000109139e+03 1.568726702316780575e-04
3.464999999999890861e+03 3.354178193148982245e-03
3.524999999999890861e+03 -1.144039536302443594e-02
3.585000000000000000e+03 7.731506912023178302e-04
3.645000000000000000e+03 -1.100518569455744000e-02
3.705000000000109139e+03 2.245926762043382041e-04
3.764999999999890861e+03 4.624822604455403052e-04
3.824999999999890861e+03 1.708478765067411587e-03
3.885000000000000000e+03 7.962577153193706181e-03
3.945000000000000000e+03 -1.077522835294075776e-02
4.005000000000109139e+03 -3.504944281303323805e-03
4.064999999999890861e+03 3.773422105041390751e-03
4.124999999999890861e+03 -1.394013720891962294e-02
4.185000000000000000e+03 9.354369022730679717e-03
4.245000000000000000e+03 6.569313036379753612e-04
4.305000000000109139e+03 -1.103246059847151628e-02
4.364999999999890861e+03 -1.371381766421109205e-02
4.424999999999890861e+03 5.612848390228464268e-03
4.485000000000000000e+03 4.947525113493611570e-03
4.545000000000000000e+03 -7.098006899468600750e-04
4.605000000000109139e+03 -9.359142948596854694e-03
4.664999999999890861e+03 -4.000516324595082551e-03
4.724999999999890861e+03 -5.633936221784097143e-03
4.785000000000000000e+03 -8.259418769739568233e-03
4.845000000000000000e+03 2.123019165992445778e-03
4.905000000000109139e+03 -4.866400076934951358e-04
4.964999999999890861e+03 -9.088414620237017516e-03
5.024999999999890861e+03 2.317676272468816023e-03
5.085000000000000000e+03 -2.268387104777502827e-03
5.145000000000000000e+03 -2.846625260644941591e-03
5.205000000000109139e+03 -4.170594293100293726e-04
5.264999999999890861e+03 -7.979711558618873823e-03
5.324999999999890861e+03 -3.534604326887347270e-03
5.385000000000000000e+03 -5.081761124529293738e-03
5.445000000000000000e+03 -1.621206063646241091e-03
5.505000000000109139e+03 -8.152963972861471120e-03
5.564999999999890861e+03 -1.677060392466955818e-03
5.624999999999890861e+03 8.064784251473611221e-04
5.685000000000000000e+03 -5.702374486645567231e-03
5.745000000000000000e+03 1.796353205463674385e-03
5.805000000000109139e+03 3.026331187356845476e-04
5.865000000000109139e+03 -3.183563831953506451e-03
5.924999999999890861e+03 -3.662267428808263503e-03
5.985000000000000000e+03 -2.133508157385222148e-03
6.045000000000000000e+03 -5.973172028461704031e-04
6.105000000000109139e+03 -8.053726446632936131e-03
6.165000000000109139e+03 -1.502768463069514837e-03
6.224999999999890861e+03 -5.944476512013352476e-03
6.285000000000000000e+03 -4.378884550533257425e-03
6.345000000000000000e+03 -3.806027217251539696e-03
6.405000000000109139e+03 -1.225939833602751605e-03
6.465000000000109139e+03 -6.386584127540118061e-04
6.524999999999890861e+03 -8.044219632211024873e-03
6.585000000000000000e+03 -2.442660857013834175e-03
6.645000000000000000e+03 -1.834020120440982282e-03
6.705000000000109139e+03 -5.218336127654765733e-03
6.765000000000109139e+03 -2.595648253191029653e-03
6.824999999999890861e+03 -5.965996534541773144e-03
6.885000000000000000e+03 -4.329421677539357916e-03
6.945000000000000000e+03 -3.685965041768213268e-03
7.005000000000109139e+03 -3.035668642951350193e-03
7.065000000000109139e+03 -5.378575161557819229e-03
7.124999999999890861e+03 -3.714727913575188722e-03
7.185000000000000000e+03 -9.044170874403789639e-03
7.245000000000000000e+03 -4.366948655842861626e-03
7.305000000000109139e+03 -3.683106519929424394e-03
7.365000000000109139e+03 -7.992690359969856218e-03
7.424999999999890861e+03 -5.295746707815851551e-03
7.485000000000000000e+03 -3.592322724216501229e-03
7.545000000000000000e+03 -6.882466203023795970e-03
7.605000000000109139e+03 -4.166225559856684413e-03
7.665000000000109139e+03 -4.443649832865048666e-03
7.724999999999890861e+03 -4.714788678938930389e-03
7.785000000000000000e+03 -5.979692366963718086e-03
7.845000000000000000e+03 -7.238411782054754440e-03
7.905000000000000000e+03 -5.490998413733905181e-03
7.965000000000109139e+03 -5.737504357057332527e-03
8.024999999999890861e+03 -8.977982303804310504e-03
8.085000000000000000e+03 -5.212485545598610770e-03
8.145000000000000000e+03 -4.441067968400602695e-03
8.205000000000000000e+03 -6.663784043666964862e-03
8.265000000000109139e+03 -5.880688830984581728e-03
8.324999999999890861e+03 -7.091837968800973613e-03
8.385000000000000000e+03 -9.297287674598919693e-03
8.445000000000000000e+03 -5.497094740348984487e-03
8.505000000000000000e+03 -4.691316526077571325e-03
8.565000000000109139e+03 -4.880010958004277200e-03
8.624999999999890861e+03 -9.063236521797080059e-03
8.685000000000000000e+03 -8.241052262746961787e-03
8.745000000000000000e+03 -6.413517779037647415e-03
8.805000000000000000e+03 -6.580693217983935028e-03
8.865000000000109139e+03 -5.742639268646598794e-03
8.924999999999890861e+03 -5.899417163163889199e-03
8.985000000000000000e+03 -7.051088673506455962e-03
9.045000000000000000e+03 -5.197716096517979167e-03
9.105000000000000000e+03 -7.339362258790060878e-03
9.165000000000109139e+03 -5.476090512274822686e-03
9.224999999999890861e+03 -6.607964724025805481e-03
9.285000000000000000e+03 -7.735049279290251434e-03
9.345000000000000000e+03 -4.857409069700224791e-03
9.405000000000000000e+03 -4.975109489350870717e-03
9.465000000000109139e+03 -5.088216442345583346e-03
9.524999999999890861e+03 -6.196796315634856001e-03
9.585000000000000000e+03 -4.300915998101118021e-03
9.645000000000000000e+03 -1.400642857333878055e-03
9.705000000000000000e+03 -3.496044747407722753e-03
9.765000000000109139e+03 -6.587189999663678464e-03
9.824999999999890861e+03 -6.674147412013553549e-03
9.885000000000000000e+03 -5.756986251071793959e-03
9.945000000000000000e+03 -8.835776254272786900e-03
1.000500000000000000e+04 -2.910587602855230216e-03
1.006500000000010914e+04 -9.981490941754600499e-03
1.012499999999989086e+04 -7.048557352391071618e-03
1.018500000000000000e+04 -1.011185836978256702e-02
1.024500000000000000e+04 -6.171465962324873544e-03
1.030500000000000000e+04 -1.222745252471213462e-02
1.036500000000010914e+04 -5.279890887322835624e-03
1.042499999999989086e+04 -7.328854298975784332e-03
1.048500000000000000e+04 -5.374416422455396969e-03
1.054500000000000000e+04 -6.416651338440715335e-03
1.060500000000000000e+04 -7.455633523932192475e-03
1.066500000000010914e+04 -7.491437872886308469e-03
1.072499999999989086e+04 -6.524139659632055555e-03
1.078500000000000000e+04 -6.553814555445569567e-03
1.084500000000000000e+04 -7.580538616821286269e-03
1.090500000000000000e+04 -7.604388280014973134e-03
1.096500000000010914e+04 -9.625440355193859432e-03
1.102499999999989086e+04 -6.643772021561744623e-03
1.108500000000000000e+04 -7.659460819922969677e-03
1.114500000000000000e+04 -9.672584653344529215e-03
1.120500000000000000e+04 -7.683221769184456207e-03
1.126500000000010914e+04 -6.691450771540985443e-03
1.132499999999989086e+04 -7.697350598391494714e-03
1.138500000000000000e+04 -7.701000526139978319e-03
1.144500000000000000e+04 -9.702480162559368182e-03
1.150500000000000000e+04 -1.070186943525186507e-02
1.156500000000010914e+04 -8.699248593075026292e-03
1.162499999999989086e+04 -7.694698202612926252e-03
1.168500000000000000e+04 -9.688299128356447909e-03
1.174500000000000000e+04 -7.680132542191131506e-03
1.180500000000000000e+04 -1.167027990777569357e-02
1.186500000000000000e+04 -1.265882298412179807e-02
1.192500000000000000e+04 -8.645843809063080698e-03
1.198500000000000000e+04 -1.263142470088496339e-02
1.204500000000000000e+04 -1.461564824876404600e-02
1.210500000000000000e+04 -1.059859731049073162e-02
1.216500000000000000e+04 -1.658035500076948665e-02
1.222500000000000000e+04 -1.556100469133525621e-02
1.228500000000000000e+04 -1.454062999982852489e-02
1.234500000000000000e+04 -1.651931479136692360e-02
1.240500000000000000e+04 -1.649714315954042831e-02
1.246500000000000000e+04 -1.347419943522254471e-02
1.252500000000000000e+04 -1.245056817333534127e-02
1.258500000000000000e+04 -7.426334139381651767e-03
1.264500000000000000e+04 5.984176796118845232e-04
1.270500000000000000e+04 9.623602095416572411e-03
1.276500000000000000e+04 2.164913372143928427e-02
1.282500000000000000e+04 4.467492697222041897e-02
1.288500000000000000e+04 6.970089608057605801e-02
1.294500000000000000e+04 9.872695509329787455e-02
1.300500000000000000e+04 1.307530178855813574e-01
1.306500000000000000e+04 1.667789981620444451e-01
1.312500000000000000e+04 2.068048094624828082e-01
1.318500000000000000e+04 2.448303651781316148e-01
1.324500000000000000e+04 2.808555785395583371e-01
1.330500000000000000e+04 3.078803626440276275e-01
1.336500000000000000e+04 3.159046304417643114e-01
1.342500000000000000e+04 3.139282947586252703e-01
1.348500000000000000e+04 2.849512682960266829e-01
1.354500000000000000e+04 2.379734636306238826e-01
1.360500000000000000e+04 1.809947932342765853e-01
1.366500000000000000e+04 1.180151694652522565e-01
1.372500000000000000e+04 5.503450459218584001e-02
1.378500000000000000e+04 -1.294728921402565902e-02
1.384500000000000000e+04 -8.493029987403133418e-02
1.390500000000000000e+04 -1.599146153739638976e-01
1.396500000000000000e+04 -2.239003237909855670e-01
1.402500000000000000e+04 -2.618875132548055262e-01
1.408500000000000000e+04 -2.598762719644582830e-01
1.414500000000000000e+04 -2.258666881689350703e-01
1.420500000000000000e+04 -1.748588501668564277e-01
1.426500000000000000e+04 -1.348528462967806263e-01
1.432500000000000000e+04 -1.048487649295566371e-01
1.438500000000000000e+04 -7.884669446957559558e-02
1.444500000000000000e+04 -4.784672333516937215e-02
1.450500000000000000e+04 -1.884893996793834958e-02
1.456500000000000000e+04 -7.853432808587967884e-03
1.462500000000000000e+04 -7.860290306780370884e-03
1.468500000000000000e+04 -6.869600904792605434e-03
1.474500000000000000e+04 1.185469673146144487e-04
1.480500000000000000e+04 1.510406489433080424e-02
1.486500000000000000e+04 2.408686449052765965e-02
1.492500000000000000e+04 2.506685740081593394e-02
1.498500000000000000e+04 1.704395530123292701e-02
1.504500000000000000e+04 9.018069920784910209e-03
1.510500000000000000e+04 -1.088696626538876444e-05
1.516500000000000000e+04 -1.604300352119025774e-02
1.522500000000000000e+04 -2.807836784904793603e-02
1.528500000000000000e+04 -2.811706798001978314e-02
1.534500000000000000e+04 -2.415919186660175910e-02
1.540500000000000000e+04 -2.420482737670681672e-02
1.546500000000000000e+04 -2.325406228737847414e-02
1.552500000000000000e+04 -1.430698427702736808e-02
1.558500000000000000e+04 -6.363680926369852386e-03
1.564500000000000000e+04 -5.424239695457799826e-03
1.570500000000000000e+04 -8.488747932460682932e-03
1.576500000000000000e+04 -9.557292861245514359e-03
1.582500000000000000e+04 -5.629961573504260741e-03
1.588500000000000000e+04 -6.706841026243637316e-03
1.594500000000000000e+04 -1.278801802800444420e-02
1.600500000000000000e+04 -1.487357923724630382e-02
1.606500000000000000e+04 -5.963611157312698197e-03
1.612500000000000000e+04 3.941799875065044034e-03
1.618500000000000000e+04 5.842567687068367377e-03
1.624500000000000000e+04 8.738606295082718134e-03
1.630500000000000000e+04 2.162982989102602005e-02
1.636500000000000000e+04 2.851615285999287153e-02
1.642500000000000000e+04 8.397489783419587184e-03
1.648500000000000000e+04 -2.072624455195182236e-02
1.654500000000000000e+04 -2.485513514875492547e-02
1.660500000000000000e+04 -1.698926679273426998e-02
1.666500000000000000e+04 -1.912872404591325903e-02
1.672500000000000000e+04 -2.327359123955830000e-02
1.678500000000000000e+04 -6.423952469958749134e-03
1.684500000000000000e+04 1.542010841603769222e-02
1.690500000000000000e+04 1.525850781581539195e-02
1.696500000000000000e+04 5.091162385724601336e-03
1.702500000000000000e+04 1.191798905074392678e-02
1.708500000000000000e+04 3.573890499410481425e-02
1.714500000000000000e+04 4.955382768821436912e-02
1.720500000000000000e+04 5.536267488241719548e-02
1.726500000000000000e+04 7.116536461671785219e-02
1.732500000000000000e+04 9.296181522677215980e-02
1.738500000000000000e+04 9.575194535136688501e-02
1.744500000000000000e+04 9.253567394534911728e-02
1.750500000000000000e+04 9.131292026631854242e-02
1.756500000000000000e+04 7.708360390461166389e-02
1.762500000000000000e+04 4.784764477608405286e-02
1.768500000000000000e+04 3.460496313437033677e-02
1.774500000000000000e+04 4.335547956998198060e-02
1.780500000000000000e+04 3.309911502765316982e-02
1.786500000000000000e+04 -5.164209198483149521e-03
1.792500000000000000e+04 -2.143457144848071039e-02
1.798500000000000000e+04 -1.871204969938844442e-02
1.804500000000000000e+04 -3.799672154764266452e-02
1.810500000000000000e+04 -7.428866421378188534e-02
1.816500000000000000e+04 -8.158795453346101567e-02
1.822500000000000000e+04 -7.589466894296492683e-02
1.828500000000000000e+04 -9.520888348652079003e-02
1.834500000000000000e+04 -1.175306737941355095e-01
1.840500000000000000e+04 -9.786011508913361467e-02
1.846500000000000000e+04 -7.519728217903320910e-02
1.852500000000000000e+04 -8.154224943700683070e-02
1.858500000000000000e+04 -8.189509081330470508e-02
1.864500000000000000e+04 -3.825587982009892585e-02
1.870500000000000000e+04 8.375310478186293039e-03
1.876500000000000000e+04 1.499840746328118257e-02
1.882500000000000000e+04 -3.386661028343951330e-03
1.888500000000000000e+04 2.220033306912227999e-03
1.894500000000000000e+04 1.481841923668980598e-02
1.900500000000000000e+04 3.408426004170905799e-03
1.906500000000000000e+04 9.899833339659380727e-04
1.912500000000000000e+04 2.456302143309585517e-02
1.918500000000000000e+04 2.312747100768319797e-02
1.924500000000000000e+04 -9.316736744040099438e-03
1.930500000000000000e+04 -1.576967011169472244e-02
1.936500000000000000e+04 5.768603116848680656e-03
1.942500000000000000e+04 1.298015674365160521e-03
1.948500000000000000e+04 -2.718149917654955061e-02
1.954500000000000000e+04 -4.167000765846751165e-02
1.960500000000000000e+04 -2.616757545092696091e-02
1.966500000000000000e+04 -1.067426769350277027e-02
1.972500000000000000e+04 -1.619014898278692272e-02
1.978500000000000000e+04 -2.771528336234041490e-02
1.984500000000000000e+04 -3.824973431710532168e-02
1.990500000000000000e+04 -6.079356476584507618e-02
1.996500000000000000e+04 -7.534683706580835860e-02
2.002500000000000000e+04 -8.390961299301125109e-02
2.008500000000000000e+04 -9.148195374291390181e-02
2.014500000000000000e+04 -7.206391992804128677e-02
2.020500000000000000e+04 -5.565557156660361215e-02
2.026500000000000000e+04 -5.025696808206703281e-02
2.032500000000000000e+04 -1.986816828957671532e-02
2.038500000000000000e+04 5.510769598913611844e-03
2.044500000000000000e+04 1.487978798922995338e-02
2.050500000000000000e+04 4.023882990622951183e-02
2.056500000000000000e+04 4.858783899726404343e-02
2.062500000000000000e+04 3.892675954102742253e-02
2.068500000000000000e+04 3.625553645451873308e-02
2.074500000000000000e+04 2.757411529364617309e-02
2.080500000000000000e+04 3.888244226345705101e-02
2.086500000000000000e+04 5.018046421810140600e-02
2.092500000000000000e+04 2.546812866694381228e-02
2.098500000000000000e+04 1.074538378634315450e-02
2.104500000000000000e+04 1.301217841955804033e-02
2.110500000000000000e+04 2.626846208022470819e-02
2.116500000000000000e+04 4.351418495843972778e-02
2.122500000000000000e+04 3.474929792810144136e-02
2.128500000000000000e+04 2.497375255643419223e-02
2.134500000000000000e+04 3.218750109681423055e-02
2.140500000000000000e+04 3.939049650034576189e-02
2.146500000000000000e+04 4.358269242584356107e-02
2.152500000000000000e+04 5.576404323528549867e-02
2.158500000000000000e+04 5.993450400546862511e-02
2.164500000000000000e+04 4.809403052877314622e-02
2.170500000000000000e+04 5.124257931947795441e-02
2.176500000000000000e+04 4.238010762310295831e-02
2.182500000000000000e+04 1.250657341188343707e-02
2.188500000000000000e+04 3.621935392402519938e-03
2.194500000000000000e+04 -1.227384698177047540e-02
2.200500000000000000e+04 -2.118081351545697544e-02
2.206500000000000000e+04 -9.099003261326288339e-03
2.212500000000000000e+04 -1.802845452402834781e-02
2.218500000000000000e+04 -3.596920484415022656e-02
2.224500000000000000e+04 -4.492129099708108697e-02
2.230500000000000000e+04 -3.688474899536231533e-02
2.236500000000000000e+04 -3.585961407861759653e-02
2.242500000000000000e+04 -4.284592070962389698e-02
2.248500000000000000e+04 -2.184370256691181567e-02
2.254500000000000000e+04 -1.585299255566496868e-02
2.260500000000000000e+04 -8.873822779605688993e-03
2.266500000000000000e+04 -5.906224559112160932e-03
2.272500000000000000e+04 -1.395022841097670607e-02
2.278500000000000000e+04 6.994135942477441859e-03
2.284500000000000000e+04 -1.207316041200101608e-02
2.290500000000000000e+04 -1.915214557993749622e-02
2.296500000000000000e+04 3.757153146580094472e-03
2.302500000000000000e+04 1.654709286412980873e-03
2.308500000000000000e+04 1.540497186397260521e-03
2.314500000000000000e+04 -2.258550799069780624e-02
2.320500000000000000e+04 -1.972333024878025753e-02
2.326500000000000000e+04 -1.887299276131670922e-02
2.332500000000000000e+04 -3.903451787118683569e-02
2.338500000000000000e+04 -1.320792708247608971e-02
2.344500000000000000e+04 -1.739324105528794462e-02
2.350500000000000000e+04 -2.959047960121097276e-02
2.356500000000000000e+04 -3.279966169156978140e-02
2.362500000000000000e+04 -3.802080544573982479e-02
2.368500000000000000e+04 -4.725392812088102801e-02
2.374500000000000000e+04 -6.549904612165846629e-02
2.380500000000000000e+04 -2.675617499153304379e-02
2.386500000000000000e+04 -1.302532940644596238e-02
2.392500000000000000e+04 -2.130652317737258272e-02
2.398500000000000000e+04 -1.659976924656803021e-02
2.404500000000000000e+04 -1.290507968224119395e-02
2.410500000000000000e+04 3.077753432535246247e-02
2.416500000000000000e+04 2.744806246482767165e-02
2.422500000000000000e+04 6.106495302447001450e-03
2.428500000000000000e+04 3.375282429351500468e-02
2.434500000000000000e+04 4.538704177866748068e-02
2.440500000000000000e+04 5.100914098784414819e-02
2.446500000000000000e+04 4.261911603862245101e-02
2.452500000000000000e+04 3.821696195154800080e-02
2.458500000000000000e+04 2.580267463508789660e-02
2.464500000000000000e+04 -4.623749091479112394e-03
2.470500000000000000e+04 -1.106231152152759023e-02
2.476500000000000000e+04 -1.151301403115212452e-02
2.482500000000000000e+04 -4.297585710264684167e-02
2.488500000000000000e+04 -4.345084030137513764e-02
2.494500000000000000e+04 -2.993796228565770434e-02
2.500500000000000000e+04 -4.043722080132283736e-02
2.506500000000000000e+04 -4.394861268156091683e-02
2.512500000000000000e+04 -5.547213384579663398e-02
2.518500000000000000e+04 -2.800777928860043176e-02
2.524500000000000000e+04 -3.155554308978025801e-02
2.530500000000000000e+04 -4.911541841011057841e-02
2.536500000000000000e+04 -2.368739748362713726e-02
2.542500000000000000e+04 -3.227147162215260323e-02
2.548500000000000000e+04 -1.867631214736320544e-03
2.554500000000000000e+04 4.524134285929903854e-03
2.560500000000000000e+04 2.290383634590398287e-02
2.566500000000000000e+04 3.627148736359231407e-02
2.572500000000000000e+04 2.562710067013540538e-02
2.578500000000000000e+04 4.897069052731239935e-02
2.584500000000000000e+04 4.430227213288162602e-02
2.590500000000000000e+04 5.362186161528370576e-02
2.596500000000000000e+04 3.392947603697393788e-02
2.602500000000000000e+04 1.225133401021594182e-03
2.608500000000000000e+04 -1.849114735705370549e-02
2.614500000000000000e+04 -5.219346357080212329e-03
2.620500000000000000e+04 7.040557206892117392e-03
2.626500000000000000e+04 -2.871141490686568432e-02
2.632500000000000000e+04 -5.047524001111014513e-02
2.638500000000000000e+04 -6.725089447081700200e-02
2.644500000000000000e+04 -6.203835371616150951e-02
2.650500000000000000e+04 -7.083759223860397469e-02
2.656500000000000000e+04 -6.264858358008495998e-02
2.662500000000000000e+04 -5.047130035018199123e-02
2.668500000000000000e+04 -3.530571421288186684e-02
2.674500000000000000e+04 -2.151795892132213339e-03
2.680500000000000000e+04 1.399048482835496543e-02
2.686500000000000000e+04 3.712115910457214341e-02
2.692500000000000000e+04 5.224025903771689627e-02
2.698500000000000000e+04 5.534781766709784279e-02
2.704500000000000000e+04 6.344386896853393409e-02
2.710500000000000000e+04 6.352844786397326970e-02
2.716500000000000000e+04 5.460159020913124550e-02
2.722500000000000000e+04 2.866333280326216482e-02
2.728500000000000000e+04 5.713713380828266963e-03
2.734500000000000000e+04 -3.324722938941704342e-02
2.740500000000000000e+04 -5.421945589478127658e-02
2.746500000000000000e+04 -5.020292559584049741e-02
2.752500000000000000e+04 -7.019759700870054075e-02
2.758500000000000000e+04 -3.820342772360163508e-02
2.764500000000000000e+04 -5.222037439489213284e-02
2.770500000000000000e+04 -5.724839274535042932e-02
2.776500000000000000e+04 -2.728743756961193867e-02
2.782500000000000000e+04 -7.337462729992694221e-03
2.788500000000000000e+04 1.560157883432111703e-02
2.794500000000000000e+04 2.452973511390155181e-02
2.800500000000000000e+04 1.544705502146825893e-02
2.806500000000000000e+04 -2.646411609930510167e-03
2.812500000000000000e+04 -2.750614024080277886e-03
2.818500000000000000e+04 -9.865500537671323400e-03
2.824500000000000000e+04 -1.699101856502238661e-02
2.830500000000000000e+04 -1.412711459761339938e-02
2.836500000000000000e+04 1.872626578733616043e-02
2.842500000000000000e+04 4.556917792251624633e-02
2.848500000000000000e+04 2.440167804888915271e-02
2.854500000000000000e+04 5.223823312007880304e-03
2.860500000000000000e+04 9.035671764650032856e-03
2.866500000000000000e+04 -3.162717640407208819e-03
2.872500000000000000e+04 -3.837128505074360874e-02
2.878500000000000000e+04 -5.558996971922169905e-02
2.884500000000000000e+04 -3.581871000096725766e-02
2.890500000000000000e+04 -7.057443370285909623e-03
2.896500000000000000e+04 -7.306106402211298700e-03
2.902500000000000000e+04 -1.156463478946534451e-02
2.908500000000000000e+04 2.167036651371745393e-03
2.914500000000000000e+04 3.888973988068755716e-03
2.920500000000000000e+04 -4.398755839247314725e-03
2.926500000000000000e+04 -1.269608501479524421e-02
2.932500000000000000e+04 -4.002944860985735431e-03
2.938500000000000000e+04 1.568073417092819000e-02
2.944500000000000000e+04 3.635502248926059110e-02
2.950500000000000000e+04 3.201999135853839107e-02
2.956500000000000000e+04 1.167571290352498181e-02
2.962500000000000000e+04 -8.677739914674020838e-03
2.968500000000000000e+04 7.959706728797755204e-03
2.974500000000000000e+04 5.358812748909258517e-02
2.980500000000000000e+04 8.720759786228882149e-02
2.986500000000000000e+04 6.681819417826773133e-02
2.992500000000000000e+04 4.241999359783221735e-02
2.998500000000000000e+04 2.301307410471054027e-02
3.004500000000000000e+04 1.959751450340263546e-02
3.010500000000000000e+04 1.717339441529475152e-02
3.016500000000000000e+04 2.474079427338438109e-02
3.022500000000000000e+04 4.929979531334538478e-02
3.028500000000000000e+04 5.585047957629285520e-02
3.034500000000000000e+04 5.439292990013200324e-02
3.040500000000000000e+04 5.992722991231858032e-02
3.046500000000000000e+04 5.345346402737050084e-02
3.052500000000000000e+04 6.197171744315710384e-02
3.058500000000000000e+04 6.448207612538681133e-02
3.064500000000000000e+04 6.898462682056560880e-02
3.070500000000000000e+04 5.247945703104051063e-02
3.076500000000000000e+04 2.196665502833639039e-02
3.082500000000000000e+04 -5.536901735467836261e-04
3.088500000000000000e+04 -1.708148880607041065e-02
3.094500000000000000e+04 -2.061665036035265075e-02
3.100500000000000000e+04 -1.115908359133754857e-02
3.106500000000000000e+04 2.291303472702566069e-03
3.112500000000000000e+04 -1.726539647006575251e-02
3.118500000000000000e+04 -2.882909000436484348e-02
3.124500000000000000e+04 -1.539968300949112745e-02
3.130500000000000000e+04 9.022919351082236972e-03
3.136500000000000000e+04 2.943881260034686420e-02
3.142500000000000000e+04 1.384809295450395439e-02
3.148500000000000000e+04 -1.774914268207794521e-02
3.154500000000000000e+04 -1.635279672882461455e-02
3.160500000000000000e+04 -5.962770939731854014e-03
3.166500000000000000e+04 6.421033599508518819e-03
3.172500000000000000e+04 2.798716456709371414e-03
3.178500000000000000e+04 -1.182962214807048440e-02
3.184500000000000000e+04 -1.946388135820598109e-02
3.190500000000000000e+04 -8.103959679829131346e-03
3.196500000000000000e+04 -3.749754997443233151e-03
3.202500000000000000e+04 -4.401164566843362991e-03
3.208500000000000000e+04 -2.105808504620654276e-02
3.214500000000000000e+04 -4.172041247966262745e-02
3.220500000000000000e+04 -3.438804232428083196e-02
3.226500000000000000e+04 -2.206086944624985335e-02
3.232500000000000000e+04 3.261211866629309952e-03
3.238500000000000000e+04 2.757830789505533176e-02
3.244500000000000000e+04 3.289052548279869370e-02
3.250500000000000000e+04 1.719797202895279042e-02
3.256500000000000000e+04 1.050075547573214862e-02
3.262500000000000000e+04 1.079898429816239513e-02
3.268500000000000000e+04 -9.072324955923249945e-04
3.274500000000000000e+04 -2.061778538245562231e-02
3.280500000000000000e+04 -4.133256432760390453e-02
3.286500000000000000e+04 -2.005145880048075924e-02
3.292500000000000000e+04 1.022564222512301058e-02
3.298500000000000000e+04 1.949885025624098489e-02
3.304500000000000000e+04 3.376827727061026962e-02
3.310500000000000000e+04 3.703403571034868946e-02
3.316500000000000000e+04 5.129623846642061835e-02
3.322500000000000000e+04 3.155499888089252636e-02
3.328500000000000000e+04 2.281043072161992313e-02
3.334500000000000000e+04 5.006264818803174421e-02
3.340500000000000000e+04 4.831176588322705356e-02
3.346500000000000000e+04 4.855789881639793748e-02
3.352500000000000000e+04 5.180116239625931485e-02
3.358500000000000000e+04 6.004167240917013260e-02
3.364500000000000000e+04 7.127954501265776344e-02
3.370500000000000000e+04 6.651489673004107317e-02
3.376500000000000000e+04 4.774784442724921973e-02
3.382500000000000000e+04 3.597850531969015719e-02
3.388500000000000000e+04 3.820699694369977806e-02
3.394500000000000000e+04 3.243343715985247400e-02
3.400500000000000000e+04 1.465794413070398150e-02
3.406500000000000000e+04 1.188063631980185164e-02
3.412500000000000000e+04 2.410163246713636909e-02
3.418500000000000000e+04 2.432105159368802560e-02
3.424500000000000000e+04 2.753901297819538740e-02
3.430500000000000000e+04 1.675563614389830036e-02
3.436500000000000000e+04 -2.028959140261576977e-03
3.442500000000000000e+04 -1.814652880966605153e-03
3.448500000000000000e+04 1.239867512140335748e-02
3.454500000000000000e+04 3.761114527787867701e-02
3.460500000000000000e+04 3.282287818456097739e-02
3.466500000000000000e+04 3.399460820219246671e-05
3.472500000000000000e+04 -4.755384506097470876e-03
3.478500000000000000e+04 1.145486192672251491e-02
3.484500000000000000e+04 5.664855137183621991e-03
3.490500000000000000e+04 -1.312528351991204545e-02
3.496500000000000000e+04 -9.915432577145111281e-03
3.502500000000000000e+04 -1.870547046019055415e-02
3.508500000000000000e+04 -3.949527551503706491e-02
3.514500000000000000e+04 -3.828472601344401482e-02
3.520500000000000000e+04 -2.607370015903143212e-02
3.526500000000000000e+04 -3.886207611412828555e-02
3.532500000000000000e+04 -5.564973200216627447e-02
3.538500000000000000e+04 -4.843654593423707411e-02
3.544500000000000000e+04 -5.622239600870670984e-02
3.550500000000000000e+04 -6.100716033233766211e-02
3.556500000000000000e+04 -5.479071703575755237e-02
3.562500000000000000e+04 -4.857294427984015783e-02
3.568500000000000000e+04 -5.435372028568963287e-02
3.574500000000000000e+04 -5.313292332903074566e-02
3.580500000000000000e+04 -4.591043176696985029e-02
3.586500000000000000e+04 -1.168612405308522284e-02
3.592500000000000000e+04 -8.459878746180038434e-03
3.598500000000000000e+04 -4.523157452968007419e-02
3.604500000000000000e+04 -2.900109021811658749e-02
3.610500000000000000e+04 -8.768304794102732558e-03
3.616500000000000000e+04 -2.953309738859388744e-02
3.622500000000000000e+04 -5.529534733523178147e-02
3.628500000000000000e+04 -3.105493415023374837e-02
3.634500000000000000e+04 -3.381173757497890620e-02
3.640500000000000000e+04 -6.556563757840194739e-02
3.646500000000000000e+04 -4.531651436809625011e-02
3.652500000000000000e+04 -4.006424841918487800e-02
3.658500000000000000e+04 -5.080872048620221904e-02
3.664500000000000000e+04 -2.254981161331670592e-02
3.670500000000000000e+04 -4.287403153284685686e-03
