070.00000 0002.508
070.00069 0002.505
070.00139 0002.504
070.00208 0002.497
070.00278 0002.511
070.00347 0002.485
070.00417 0002.476
070.00486 0002.489
070.00556 0002.430
070.00625 0002.469
070.00694 0002.424
070.00764 0002.444
070.00833 0002.446
070.00903 0002.439
070.00972 0002.444
070.01042 0002.437
070.01111 0002.473
070.01181 0002.463
070.01250 0002.461
070.01319 0002.480
070.01389 0002.451
070.01458 0002.468
070.01528 0002.469
070.01597 0002.466
070.01667 0002.453
070.01736 0002.470
070.01806 0002.416
070.01875 0002.432
070.01944 0002.396
070.02014 0002.416
070.02083 0002.385
070.02153 0002.407
070.02222 0002.421
070.02292 0002.431
070.02361 0002.438
070.02431 0002.457
070.02500 0002.453
070.02569 0002.457
070.02639 0002.433
070.02708 0002.441
070.02778 0002.409
070.02847 0002.439
070.02917 0002.427
070.02986 0002.428
070.03056 0002.438
070.03125 0002.460
070.03194 0002.425
070.03264 0002.440
070.03333 0002.389
070.03403 0002.410
070.03472 0002.409
070.03542 0002.385
070.03611 0002.414
070.03681 0002.340
070.03750 0002.379
070.03819 0002.377
070.03889 0002.366
070.03958 0002.361
070.04028 0002.350
070.04097 0002.327
070.04167 0002.323
070.04236 0002.358
070.04306 0002.361
070.04375 0002.386
070.04444 0002.374
070.04514 0002.357
070.04583 0002.340
070.04653 0002.360
070.04722 0002.364
070.04792 0002.368
070.04861 0002.350
070.04931 0002.348
070.05000 0002.340
070.05069 0002.343
070.05139 0002.314
070.05208 0002.317
070.05278 0002.313
070.05347 0002.276
070.05417 0002.283
070.05486 0002.275
070.05556 0002.300
070.05625 0002.345
070.05694 0002.299
070.05764 0002.295
070.05833 0002.262
070.05903 0002.267
070.05972 0002.279
070.06042 0002.275
070.06111 0002.288
070.06181 0002.295
070.06250 0002.309
070.06319 0002.298
070.06389 0002.289
070.06458 0002.345
070.06528 0002.277
070.06597 0002.331
070.06667 0002.263
070.06736 0002.267
070.06806 0002.276
070.06875 0002.283
070.06944 0002.291
070.07014 0002.281
070.07083 0002.274
070.07153 0002.275
070.07222 0002.243
070.07292 0002.257
070.07361 0002.224
070.07431 0002.224
070.07500 0002.232
070.07569 0002.214
070.07639 0002.232
070.07708 0002.231
070.07778 0002.197
070.07847 0002.222
070.07917 0002.182
070.07986 0002.174
070.08056 0002.177
070.08125 0002.171
070.08194 0002.186
070.08264 0002.218
070.08333 0002.219
070.08403 0002.234
070.08472 0002.246
070.08542 0002.234
070.08611 0002.239
070.08681 0002.210
070.08750 0002.241
070.08819 0002.173
070.08889 0002.229
070.08958 0002.204
070.09028 0002.219
070.09097 0002.191
070.09167 0002.156
070.09236 0002.105
070.09306 0002.127
070.09375 0002.105
070.09444 0002.136
070.09514 0002.154
070.09583 0002.157
070.09653 0002.202
070.09722 0002.189
070.09792 0002.218
070.09861 0002.220
070.09931 0002.214
070.10000 0002.174
070.10069 0002.150
070.10139 0002.162
070.10208 0002.139
070.10278 0002.171
070.10347 0002.108
070.10417 0002.103
070.10486 0002.077
070.10556 0002.062
070.10625 0002.049
070.10694 0002.049
070.10764 0002.026
070.10833 0002.064
070.10903 0002.039
070.10972 0002.111
070.11042 0002.074
070.11111 0002.105
070.11181 0002.072
070.11250 0002.082
070.11319 0002.076
070.11389 0002.114
070.11458 0002.124
070.11528 0002.121
070.11597 0002.105
070.11667 0002.107
070.11736 0002.083
070.11806 0002.110
070.11875 0002.103
070.11944 0002.072
070.12014 0002.025
070.12083 0002.030
070.12153 0002.015
070.12222 0002.035
070.12292 0002.064
070.12361 0002.058
070.12431 0002.022
070.12500 0002.024
070.12569 0002.033
070.12639 0002.034
070.12708 0002.066
070.12778 0002.050
070.12847 0002.052
070.12917 0002.043
070.12986 0002.071
070.13056 0002.117
070.13125 0002.081
070.13194 0002.118
070.13264 0002.081
070.13333 0002.102
070.13403 0002.071
070.13472 0002.107
070.13542 0002.045
070.13611 0002.060
070.13681 0002.025
070.13750 0002.037
070.13819 0002.004
070.13889 0001.987
070.13958 0001.958
070.14028 0001.923
070.14097 0001.950
070.14167 0001.946
070.14236 0001.944
070.14306 0001.943
070.14375 0001.925
070.14444 0001.943
070.14514 0001.973
070.14583 0001.991
070.14653 0002.001
070.14722 0001.986
070.14792 0001.976
070.14861 0001.998
070.14931 0002.016
070.15000 0002.026
070.15069 0002.035
070.15139 0002.021
070.15208 0002.004
070.15278 0002.018
070.15347 0001.999
070.15417 0002.036
070.15486 0002.023
070.15556 0002.003
070.15625 0002.001
070.15694 0001.951
070.15764 0001.949
070.15833 0001.938
070.15903 0001.946
070.15972 0001.908
070.16042 0001.905
070.16111 0001.891
070.16181 0001.904
070.16250 0001.943
070.16319 0001.984
070.16389 0002.000
070.16458 0001.974
070.16528 0001.979
070.16597 0001.964
070.16667 0001.961
070.16736 0001.986
070.16806 0001.961
070.16875 0001.970
070.16944 0001.963
070.17014 0001.974
070.17083 0001.972
070.17153 0001.957
070.17222 0001.957
070.17292 0001.945
070.17361 0001.957
070.17431 0001.944
070.17500 0001.935
070.17569 0001.920
070.17639 0001.931
070.17708 0001.945
070.17778 0001.999
070.17847 0001.994
070.17917 0001.997
070.17986 0001.997
070.18056 0001.967
070.18125 0001.982
070.18194 0001.979
070.18264 0001.967
070.18333 0001.960
070.18403 0001.905
070.18472 0001.901
070.18542 0001.874
070.18611 0001.878
070.18681 0001.907
070.18750 0001.888
070.18819 0001.887
070.18889 0001.873
070.18958 0001.872
070.19028 0001.909
070.19097 0001.952
070.19167 0001.981
070.19236 0001.999
070.19306 0001.985
070.19375 0001.980
070.19444 0002.000
070.19514 0001.999
070.19583 0002.014
070.19653 0002.003
070.19722 0001.971
070.19792 0001.950
070.19861 0001.942
070.19931 0001.935
070.20000 0001.961
070.20069 0001.946
070.20139 0001.947
070.20208 0001.952
070.20278 0001.969
070.20347 0001.977
070.20417 0002.015
070.20486 0002.004
070.20556 0002.010
070.20625 0002.002
070.20694 0001.996
070.20764 0001.992
070.20833 0001.988
070.20903 0001.977
070.20972 0001.980
070.21042 0001.975
070.21111 0002.003
070.21181 0002.008
070.21250 0002.015
070.21319 0001.996
070.21389 0001.972
070.21458 0001.952
070.21528 0001.926
070.21597 0001.931
070.21667 0001.918
070.21736 0001.904
070.21806 0001.923
070.21875 0001.943
070.21944 0001.964
070.22014 0002.005
070.22083 0002.027
070.22153 0002.009
070.22222 0002.018
070.22292 0002.015
070.22361 0002.011
070.22431 0002.040
070.22500 0002.038
070.22569 0002.056
070.22639 0002.033
070.22708 0002.067
070.22778 0002.035
070.22847 0002.037
070.22917 0002.023
070.22986 0001.986
070.23056 0001.974
070.23125 0001.967
070.23194 0001.976
070.23264 0001.951
070.23333 0001.968
070.23403 0001.963
070.23472 0001.975
070.23542 0002.005
070.23611 0002.055
070.23681 0002.089
070.23750 0002.119
070.23819 0002.146
070.23889 0002.156
070.23958 0002.172
070.24028 0002.181
070.24097 0002.160
070.24167 0002.141
070.24236 0002.088
070.24306 0002.069
070.24375 0002.037
070.24444 0002.021
070.24514 0002.018
070.24583 0002.010
070.24653 0001.998
070.24722 0001.989
070.24792 0001.971
070.24861 0001.965
070.24931 0001.987
070.25000 0002.017
070.25069 0002.033
070.25139 0002.063
070.25208 0002.074
070.25278 0002.125
070.25347 0002.160
070.25417 0002.194
070.25486 0002.219
070.25556 0002.205
070.25625 0002.192
070.25694 0002.178
070.25764 0002.165
070.25833 0002.133
070.25903 0002.132
070.25972 0002.092
070.26042 0002.069
070.26111 0002.061
070.26181 0002.047
070.26250 0002.040
070.26319 0002.061
070.26389 0002.057
070.26458 0002.090
070.26528 0002.140
070.26597 0002.167
070.26667 0002.235
070.26736 0002.233
070.26806 0002.249
070.26875 0002.263
070.26944 0002.266
070.27014 0002.273
070.27083 0002.269
070.27153 0002.246
070.27222 0002.232
070.27292 0002.223
070.27361 0002.228
070.27431 0002.210
070.27500 0002.204
070.27569 0002.193
070.27639 0002.181
070.27708 0002.164
070.27778 0002.166
070.27847 0002.176
070.27917 0002.210
070.27986 0002.206
070.28056 0002.230
070.28125 0002.248
070.28194 0002.236
070.28264 0002.272
070.28333 0002.264
070.28403 0002.278
070.28472 0002.275
070.28542 0002.294
070.28611 0002.286
070.28681 0002.264
070.28750 0002.287
070.28819 0002.292
070.28889 0002.289
070.28958 0002.302
070.29028 0002.296
070.29097 0002.310
070.29167 0002.326
070.29236 0002.355
070.29306 0002.332
070.29375 0002.348
070.29444 0002.334
070.29514 0002.336
070.29583 0002.344
070.29653 0002.344
070.29722 0002.355
070.29792 0002.352
070.29861 0002.372
070.29931 0002.388
070.30000 0002.373
070.30069 0002.393
070.30139 0002.376
070.30208 0002.369
070.30278 0002.367
070.30347 0002.367
070.30417 0002.362
070.30486 0002.382
070.30556 0002.357
070.30625 0002.368
070.30694 0002.367
070.30764 0002.353
070.30833 0002.391
070.30903 0002.370
070.30972 0002.401
070.31042 0002.395
070.31111 0002.405
070.31181 0002.420
070.31250 0002.408
070.31319 0002.455
070.31389 0002.470
070.31458 0002.451
070.31528 0002.485
070.31597 0002.466
070.31667 0002.473
070.31736 0002.485
070.31806 0002.475
070.31875 0002.493
070.31944 0002.476
070.32014 0002.449
070.32083 0002.479
070.32153 0002.467
070.32222 0002.490
070.32292 0002.464
070.32361 0002.465
070.32431 0002.480
070.32500 0002.474
070.32569 0002.508
070.32639 0002.518
070.32708 0002.545
070.32778 0002.550
070.32847 0002.556
070.32917 0002.571
070.32986 0002.577
070.33056 0002.591
070.33125 0002.598
070.33194 0002.607
070.33264 0002.626
070.33333 0002.633
070.33403 0002.635
070.33472 0002.629
070.33542 0002.602
070.33611 0002.607
070.33681 0002.595
070.33750 0002.592
070.33819 0002.562
070.33889 0002.562
070.33958 0002.561
070.34028 0002.568
070.34097 0002.604
070.34167 0002.590
070.34236 0002.606
070.34306 0002.650
070.34375 0002.689
070.34444 0002.700
070.34514 0002.736
070.34583 0002.749
070.34653 0002.736
070.34722 0002.739
070.34792 0002.719
070.34861 0002.696
070.34931 0002.655
070.35000 0002.661
070.35069 0002.656
070.35139 0002.636
070.35208 0002.663
070.35278 0002.642
070.35347 0002.648
070.35417 0002.665
070.35486 0002.669
070.35556 0002.695
070.35625 0002.697
070.35694 0002.708
070.35764 0002.711
070.35833 0002.706
070.35903 0002.753
070.35972 0002.758
070.36042 0002.769
070.36111 0002.767
070.36181 0002.765
070.36250 0002.786
070.36319 0002.784
070.36389 0002.823
070.36458 0002.814
070.36528 0002.803
070.36597 0002.778
070.36667 0002.788
070.36736 0002.822
070.36806 0002.805
070.36875 0002.810
070.36944 0002.785
070.37014 0002.769
070.37083 0002.776
070.37153 0002.794
070.37222 0002.840
070.37292 0002.799
070.37361 0002.786
070.37431 0002.803
070.37500 0002.814
070.37569 0002.851
070.37639 0002.844
070.37708 0002.845
070.37778 0002.835
070.37847 0002.832
070.37917 0002.876
070.37986 0002.910
070.38056 0002.902
070.38125 0002.918
070.38194 0002.883
070.38264 0002.914
070.38333 0002.879
070.38403 0002.864
070.38472 0002.843
070.38542 0002.820
070.38611 0002.780
070.38681 0002.781
070.38750 0002.810
070.38819 0002.802
070.38889 0002.815
070.38958 0002.846
070.39028 0002.858
070.39097 0002.888
070.39167 0002.920
070.39236 0002.924
070.39306 0002.950
070.39375 0002.935
070.39444 0002.966
070.39514 0002.965
070.39583 0002.949
070.39653 0002.926
070.39722 0002.913
070.39792 0002.889
070.39861 0002.912
070.39931 0002.889
070.40000 0002.889
070.40069 0002.907
070.40139 0002.894
070.40208 0002.936
070.40278 0002.963
070.40347 0002.931
070.40417 0002.935
070.40486 0002.949
070.40556 0002.949
070.40625 0003.018
070.40694 0002.958
070.40764 0003.006
070.40833 0002.985
070.40903 0003.012
070.40972 0003.008
070.41042 0002.981
070.41111 0003.004
070.41181 0002.979
070.41250 0002.989
070.41319 0002.973
070.41389 0002.972
070.41458 0002.999
070.41528 0002.965
070.41597 0003.001
070.41667 0003.014
070.41736 0002.993
070.41806 0002.994
070.41875 0002.973
070.41944 0003.015
070.42014 0002.992
070.42083 0003.014
070.42153 0003.011
070.42222 0003.009
070.42292 0003.053
070.42361 0003.023
070.42431 0003.040
070.42500 0003.006
070.42569 0003.005
070.42639 0003.024
070.42708 0003.019
070.42778 0003.040
070.42847 0003.030
070.42917 0003.019
070.42986 0003.070
070.43056 0003.005
070.43125 0003.031
070.43194 0002.983
070.43264 0002.996
070.43333 0003.005
070.43403 0002.976
070.43472 0003.026
070.43542 0002.986
070.43611 0003.049
070.43681 0003.044
070.43750 0003.050
070.43819 0003.058
070.43889 0003.022
070.43958 0003.065
070.44028 0003.054
070.44097 0003.093
070.44167 0003.080
070.44236 0003.080
070.44306 0003.082
070.44375 0003.059
070.44444 0003.060
070.44514 0003.028
070.44583 0003.009
070.44653 0003.022
070.44722 0003.030
070.44792 0003.043
070.44861 0003.037
070.44931 0003.029
070.45000 0003.026
070.45069 0002.999
070.45139 0002.977
070.45208 0002.980
070.45278 0002.972
070.45347 0002.994
070.45417 0003.019
070.45486 0002.996
070.45556 0003.020
070.45625 0003.025
070.45694 0003.015
070.45764 0003.022
070.45833 0003.020
070.45903 0003.034
070.45972 0003.032
070.46042 0003.019
070.46111 0003.032
070.46181 0003.021
070.46250 0002.995
070.46319 0002.989
070.46389 0002.963
070.46458 0002.989
070.46528 0003.006
070.46597 0003.012
070.46667 0003.032
070.46736 0003.015
070.46806 0003.035
070.46875 0003.030
070.46944 0002.996
070.47014 0003.022
070.47083 0003.006
070.47153 0003.019
070.47222 0003.044
070.47292 0003.032
070.47361 0003.032
070.47431 0003.019
070.47500 0003.007
070.47569 0003.009
070.47639 0003.002
070.47708 0002.981
070.47778 0002.983
070.47847 0003.012
070.47917 0003.008
070.47986 0003.000
070.48056 0002.959
070.48125 0002.957
070.48194 0002.956
070.48264 0002.944
070.48333 0002.965
070.48403 0002.946
070.48472 0002.955
070.48542 0002.969
070.48611 0002.960
070.48681 0002.976
070.48750 0002.947
070.48819 0002.956
070.48889 0002.948
070.48958 0002.937
070.49028 0002.954
070.49097 0002.952
070.49167 0002.952
070.49236 0002.961
070.49306 0002.937
070.49375 0002.927
070.49444 0002.909
070.49514 0002.914
070.49583 0002.930
070.49653 0002.910
070.49722 0002.929
070.49792 0002.907
070.49861 0002.928
070.49931 0002.919
070.50000 0002.909
070.50069 0002.903
070.50139 0002.874
070.50208 0002.862
070.50278 0002.886
070.50347 0002.883
070.50417 0002.894
070.50486 0002.872
070.50556 0002.887
070.50625 0002.877
070.50694 0002.882
070.50764 0002.879
070.50833 0002.876
070.50903 0002.878
070.50972 0002.866
070.51042 0002.891
070.51111 0002.890
070.51181 0002.867
070.51250 0002.867
070.51319 0002.820
070.51389 0002.820
070.51458 0002.813
070.51528 0002.781
070.51597 0002.801
070.51667 0002.760
070.51736 0002.771
070.51806 0002.787
070.51875 0002.773
070.51944 0002.799
070.52014 0002.786
070.52083 0002.798
070.52153 0002.804
070.52222 0002.806
070.52292 0002.833
070.52361 0002.802
070.52431 0002.813
070.52500 0002.785
070.52569 0002.772
070.52639 0002.769
070.52708 0002.762
070.52778 0002.759
070.52847 0002.725
070.52917 0002.720
070.52986 0002.706
070.53056 0002.695
070.53125 0002.681
070.53194 0002.688
070.53264 0002.656
070.53333 0002.662
070.53403 0002.677
070.53472 0002.676
070.53542 0002.721
070.53611 0002.707
070.53681 0002.731
070.53750 0002.711
070.53819 0002.718
070.53889 0002.724
070.53958 0002.727
070.54028 0002.709
070.54097 0002.684
070.54236 0002.682
070.54306 0002.652
070.54375 0002.628
070.54444 0002.614
070.54514 0002.610
070.54583 0002.578
070.54653 0002.618
070.54722 0002.613
070.54792 0002.616
070.54861 0002.639
070.54931 0002.618
070.55000 0002.625
070.55069 0002.607
070.55139 0002.588
070.55208 0002.567
070.55278 0002.557
070.55347 0002.528
070.55486 0002.507
070.55556 0002.512
070.55625 0002.493
070.55694 0002.479
070.55764 0002.481
070.55833 0002.460
070.55903 0002.457
070.55972 0002.456
070.56042 0002.478
070.56111 0002.484
070.56181 0002.482
070.56250 0002.490
070.56319 0002.474
070.56389 0002.486
070.56458 0002.482
070.56528 0002.493
070.56597 0002.493
070.56667 0002.480
070.56736 0002.498
070.56806 0002.469
070.56875 0002.479
070.56944 0002.467
070.57014 0002.433
070.57083 0002.415
070.57153 0002.377
070.57222 0002.378
070.57292 0002.385
070.57361 0002.356
070.57431 0002.353
070.57500 0002.350
070.57569 0002.340
070.57639 0002.353
070.57708 0002.361
070.57778 0002.354
070.57847 0002.352
070.57917 0002.361
070.57986 0002.368
070.58056 0002.363
070.58125 0002.383
070.58194 0002.382
070.58264 0002.362
070.58333 0002.373
070.58403 0002.334
070.58472 0002.306
070.58542 0002.287
070.58611 0002.263
070.58681 0002.255
070.58750 0002.235
070.58819 0002.231
070.58889 0002.209
070.58958 0002.226
070.59028 0002.239
070.59097 0002.234
070.59167 0002.251
070.59236 0002.241
070.59306 0002.246
070.59375 0002.237
070.59444 0002.245
070.59514 0002.234
070.59583 0002.237
070.59653 0002.238
070.59722 0002.217
070.59792 0002.194
070.59861 0002.187
070.59931 0002.178
070.60000 0002.154
070.60069 0002.149
070.60139 0002.133
070.60208 0002.111
070.60278 0002.120
070.60347 0002.109
070.60417 0002.107
070.60486 0002.112
070.60556 0002.100
070.60625 0002.107
070.60694 0002.098
070.60764 0002.110
070.60833 0002.106
070.60903 0002.118
070.60972 0002.120
070.61042 0002.126
070.61111 0002.121
070.61181 0002.115
070.61250 0002.105
070.61319 0002.108
070.61389 0002.103
070.61458 0002.101
070.61528 0002.083
070.61597 0002.062
070.61667 0002.032
070.61736 0002.007
070.61806 0001.977
070.61875 0001.953
070.61944 0001.909
070.62014 0001.892
070.62083 0001.856
070.62153 0001.848
070.62222 0001.848
070.62292 0001.859
070.62361 0001.890
070.62431 0001.912
070.62500 0001.934
070.62569 0001.963
070.62639 0001.964
070.62708 0001.985
070.62778 0002.000
070.62847 0001.983
070.62917 0001.988
070.62986 0001.948
070.63056 0001.921
070.63125 0001.904
070.63194 0001.881
070.63264 0001.878
070.63403 0001.852
070.63472 0001.829
070.63542 0001.815
070.63611 0001.805
070.63681 0001.816
070.63750 0001.820
070.63819 0001.819
070.63889 0001.822
070.63958 0001.826
070.64028 0001.830
070.64097 0001.860
070.64167 0001.856
070.64236 0001.867
070.64306 0001.851
070.64375 0001.826
070.64444 0001.793
070.64514 0001.742
070.64583 0001.724
070.64653 0001.694
070.64722 0001.679
070.64792 0001.676
070.64861 0001.657
070.64931 0001.646
070.65000 0001.634
070.65069 0001.639
070.65139 0001.663
070.65208 0001.703
070.65278 0001.768
070.65347 0001.831
070.65417 0001.922
070.65486 0002.042
070.65556 0002.176
070.65625 0002.307
070.65694 0002.438
070.65764 0002.544
070.65833 0002.609
070.65903 0002.667
070.65972 0002.691
070.66042 0002.714
070.66111 0002.654
070.66181 0002.593
070.66250 0002.445
070.66319 0002.264
070.66389 0002.066
070.66458 0001.805
070.66528 0001.558
070.66597 0001.274
070.66667 0000.957
070.66736 0000.672
070.66806 0000.429
070.66875 0000.183
070.66944 0000.011
070.67014 -000.157
070.67083 -000.205
070.67153 -000.194
070.67222 -000.009
070.67292 0000.342
070.67361 0000.497
070.67431 0001.026
070.67500 0002.111
070.67569 0002.424
070.67639 0002.492
070.67708 0002.518
070.67778 0002.541
070.67847 0002.593
070.67986 0002.582
070.68056 0002.512
070.68125 0002.287
070.68194 0002.056
070.68264 0001.697
070.68333 0001.368
070.68403 0001.067
070.68472 0000.811
070.68542 0000.553
070.68611 0000.331
070.68681 0000.222
070.68750 0000.142
070.68819 0000.266
070.68889 0000.583
070.68958 0000.927
070.69028 0001.320
070.69097 0001.755
070.69167 0001.957
070.69236 0002.015
070.69306 0002.064
070.69375 0002.010
070.69444 0001.902
070.69514 0001.731
070.69583 0001.451
070.69653 0001.133
070.69722 0000.828
070.69792 0000.472
070.69861 0000.141
070.69931 -000.083
070.70000 -000.140
070.70069 0000.141
070.70139 0000.540
070.70208 0000.878
070.70278 0001.745
070.70347 0002.683
070.70417 0003.043
070.70486 0003.421
070.70556 0003.684
070.70625 0003.901
070.70694 0003.897
070.70764 0003.868
070.70833 0003.620
070.70903 0003.340
070.70972 0002.860
070.71042 0002.393
070.71111 0001.848
070.71181 0001.251
070.71250 0000.751
070.71319 0000.408
070.71389 0000.102
070.71458 -000.206
070.71528 -000.364
070.71597 -000.308
070.71667 0000.273
070.71736 0000.450
070.71806 0000.954
070.71875 0001.805
070.71944 0002.147
070.72014 0002.348
070.72083 0002.243
070.72153 0002.025
070.72222 0001.967
070.72292 0001.786
070.72361 0001.673
070.72431 0001.586
070.72569 0001.259
070.72639 0001.079
070.72708 0000.827
070.72778 0000.609
070.72847 0000.727
070.72917 0001.024
070.72986 0001.475
070.73056 0002.106
070.73125 0002.268
070.73194 0002.143
070.73264 0001.892
070.73333 0001.519
070.73403 0001.063
070.73472 0000.635
070.73542 0000.286
070.73611 0000.027
070.73681 -000.166
070.73750 -000.361
070.73819 -000.388
070.73889 -000.375
070.73958 -000.276
070.74028 -000.040
070.74097 0000.155
070.74167 0000.347
070.74236 0000.640
070.74306 0000.972
070.74375 0001.096
070.74444 0001.387
070.74514 0001.841
070.74583 0002.243
070.74653 0002.585
070.74722 0002.915
070.74792 0002.991
070.74861 0003.102
070.74931 0003.361
070.75000 0003.574
070.75069 0003.723
070.75139 0003.669
070.75208 0003.584
070.75278 0003.251
070.75347 0002.773
070.75417 0002.148
070.75486 0001.614
070.75556 0001.082
070.75625 0000.670
070.75694 0000.328
070.75764 0000.053
070.75903 -000.390
070.75972 -000.391
070.76042 -000.390
070.76111 -000.386
070.76181 -000.309
070.76250 0000.180
070.76319 0000.276
070.76389 0001.236
070.76458 0001.893
070.76528 0002.279
070.76597 0002.597
070.76667 0002.856
070.76736 0003.002
070.76806 0003.117
070.76875 0003.109
070.76944 0003.049
070.77014 0002.886
070.77083 0002.720
070.77153 0002.476
070.77222 0002.316
070.77292 0002.080
070.77361 0001.823
070.77431 0001.515
070.77500 0001.045
070.77569 0000.613
070.77639 0000.220
070.77708 -000.111
070.77778 -000.367
070.77847 -000.389
070.77917 -000.389
070.77986 -000.389
070.78056 -000.334
070.78125 0000.188
070.78194 0000.820
070.78264 0001.436
070.78333 0002.285
070.78403 0002.719
070.78472 0002.983
070.78542 0003.133
070.78611 0003.184
070.78681 0003.031
070.78750 0002.803
070.78819 0002.300
070.78889 0001.750
070.78958 0001.388
070.79028 0000.938
070.79097 0000.607
070.79167 0000.436
070.79236 0000.320
070.79306 0000.361
070.79375 0000.509
070.79444 0000.997
070.79514 0001.609
070.79653 0002.879
070.79722 0003.191
070.79792 0003.283
070.79861 0003.304
070.79931 0003.152
070.80000 0002.722
070.80069 0002.231
070.80139 0001.659
070.80208 0001.100
070.80278 0000.620
070.80347 0000.181
070.80417 -000.161
070.80486 -000.378
070.80556 -000.395
070.80625 -000.396
070.80694 -000.395
070.80764 -000.114
070.80833 0000.897
070.80903 0001.580
070.80972 0002.196
070.81042 0002.815
070.81111 0003.140
070.81181 0003.062
070.81319 0002.760
070.81389 0002.451
070.81458 0002.181
070.81528 0001.949
070.81597 0001.689
070.81667 0001.379
070.81736 0001.058
070.81806 0000.815
070.81875 0000.788
070.81944 0000.734
070.82014 0000.845
070.82083 0001.066
070.82153 0001.219
070.82222 0001.513
070.82292 0001.798
070.82361 0001.957
070.82431 0002.109
070.82500 0002.235
070.82569 0002.312
070.82639 0002.422
070.82708 0002.465
070.82778 0002.498
070.82847 0002.493
070.82917 0002.495
070.82986 0002.326
070.83056 0002.153
070.83125 0001.782
070.83194 0001.480
070.83264 0001.107
070.83333 0000.800
070.83403 0000.456
070.83472 0000.205
070.83542 0000.068
070.83611 0000.077
070.83681 0000.101
070.83750 0000.336
070.83819 0000.497
070.83889 0000.725
070.83958 0001.010
070.84028 0001.182
070.84097 0001.463
070.84167 0001.723
070.84236 0001.882
070.84306 0002.018
070.84375 0002.117
070.84444 0002.086
070.84514 0002.022
070.84583 0001.998
070.84653 0001.891
070.84722 0001.796
070.84792 0001.676
070.84861 0001.533
070.84931 0001.393
070.85000 0001.298
070.85069 0001.183
070.85139 0001.057
070.85208 0001.062
070.85278 0001.055
070.85347 0001.140
070.85417 0001.380
070.85486 0001.864
070.85556 0002.446
070.85625 0003.040
070.85694 0003.452
070.85764 0003.663
070.85833 0003.748
070.85903 0003.675
070.85972 0003.367
070.86042 0002.964
070.86111 0002.550
070.86181 0002.311
070.86319 0001.729
070.86389 0001.399
070.86458 0000.973
070.86528 0000.589
070.86597 0000.197
070.86667 -000.024
070.86736 -000.070
070.86806 0000.045
070.86875 0000.492
070.86944 0001.108
070.87014 0001.810
070.87083 0002.274
070.87153 0002.471
070.87222 0002.575
070.87292 0002.673
070.87361 0002.663
070.87431 0002.715
070.87500 0002.658
070.87569 0002.580
070.87639 0002.483
070.87708 0002.296
070.87778 0002.096
070.87847 0001.840
070.87917 0001.572
070.87986 0001.327
070.88056 0001.025
070.88125 0000.824
070.88194 0000.709
070.88264 0000.645
070.88333 0000.860
070.88403 0001.230
070.88472 0001.784
070.88542 0002.365
070.88611 0002.723
070.88681 0002.995
070.88750 0003.123
070.88819 0003.244
070.88889 0003.319
070.88958 0003.285
070.89028 0003.122
070.89097 0002.835
070.89236 0002.050
070.89306 0001.611
070.89375 0001.173
070.89444 0000.729
070.89514 0000.340
070.89583 0000.074
070.89653 -000.070
070.89722 -000.037
070.89792 0000.214
070.89861 0000.405
070.89931 0000.947
070.90000 0001.312
070.90069 0001.381
070.90139 0001.613
070.90208 0001.705
070.90278 0001.966
070.90347 0002.214
070.90417 0002.541
070.90486 0002.754
070.90556 0003.015
070.90625 0003.170
070.90694 0003.217
070.90764 0003.339
070.90833 0003.269
070.90903 0003.226
070.90972 0003.146
070.91042 0003.032
070.91111 0002.899
070.91181 0002.751
070.91319 0002.374
070.91389 0002.265
070.91458 0002.189
070.91528 0002.201
070.91597 0002.304
070.91667 0002.286
070.91736 0002.350
070.91806 0002.340
070.91875 0002.226
070.91944 0002.056
070.92014 0001.773
070.92083 0001.420
070.92153 0001.041
070.92222 0000.676
070.92292 0000.364
070.92361 0000.229
070.92431 0000.406
070.92500 0000.682
070.92569 0001.391
070.92639 0002.407
070.92708 0002.956
070.92778 0003.307
070.92847 0003.578
070.92917 0003.705
070.92986 0003.620
070.93056 0003.439
070.93125 0003.158
070.93194 0002.833
070.93264 0002.561
070.93333 0002.348
070.93403 0002.060
070.93472 0001.743
070.93542 0001.457
070.93611 0001.353
070.93681 0001.366
070.93750 0001.550
070.93819 0001.650
070.93889 0001.856
070.93958 0001.978
070.94028 0001.959
070.94097 0001.887
070.94236 0001.503
070.94306 0001.428
070.94375 0001.520
070.94444 0001.700
070.94514 0001.950
070.94583 0002.188
070.94653 0002.299
070.94722 0002.342
070.94792 0002.296
070.94861 0002.221
070.94931 0002.173
070.95000 0002.123
070.95069 0002.185
070.95139 0002.411
070.95208 0002.662
070.95278 0002.942
070.95347 0003.082
070.95417 0003.091
070.95486 0003.113
070.95556 0003.061
070.95625 0003.029
070.95694 0002.923
070.95764 0002.793
070.95833 0002.636
070.95903 0002.469
070.95972 0002.289
070.96042 0002.047
070.96111 0001.868
070.96181 0001.740
070.96250 0001.771
070.96319 0001.838
070.96389 0002.039
070.96458 0002.285
070.96528 0002.551
070.96597 0002.811
070.96667 0002.977
070.96736 0003.084
070.96806 0003.103
070.96875 0003.117
070.96944 0003.039
070.97014 0002.844
070.97083 0002.656
070.97153 0002.384
070.97222 0002.104
070.97292 0001.855
070.97361 0001.625
070.97431 0001.471
070.97569 0001.502
070.97639 0001.682
070.97708 0001.867
070.97778 0002.057
070.97847 0002.196
070.97917 0002.238
070.97986 0002.281
070.98056 0002.304
070.98125 0002.317
070.98194 0002.365
070.98264 0002.348
070.98333 0002.265
070.98403 0002.207
070.98472 0002.040
070.98542 0001.823
070.98611 0001.628
070.98681 0001.335
070.98750 0001.166
070.98819 0001.087
070.98889 0001.133
070.98958 0001.294
070.99028 0001.648
070.99097 0002.117
070.99167 0002.585
070.99236 0002.985
070.99306 0003.272
070.99375 0003.484
070.99444 0003.668
070.99514 0003.822
070.99583 0003.932
070.99653 0003.910
070.99722 0003.863
070.99792 0003.687
070.99861 0003.458
070.99931 0003.155
